  0.15707963267948966       5.83262139672388880E-002  0.64878056721930866     
  7.85398163397448279E-002  2.84804882127563663E-002  0.67862629297379118     
  3.92699081698724139E-002  1.40639522751787333E-002  0.69304282891136881     
  1.96349540849362070E-002  6.98721600163207477E-003  0.70011956518491547     
  9.81747704246810349E-003  3.48233319047749987E-003  0.70362444799607005     
  4.90873852123405174E-003  1.73833736656101132E-003  0.70536844381998653     
  2.45436926061702587E-003  8.68460064818306040E-004  0.70623832112172924     
  1.22718463030851294E-003  4.34052714191586171E-004  0.70667272847235596     
  6.13592315154256468E-004  2.16982007077843849E-004  0.70688979917946970     
  3.06796157577128234E-004  1.08479913408983083E-004  0.70699830127313856     
  1.53398078788564117E-004  5.42371836811117187E-005  0.70705254400286643     
  7.66990393942820585E-005  2.71178983598252283E-005  0.70707966328818772     
  3.83495196971410292E-005  1.35587750313703476E-005  0.70709322241151618     
  1.91747598485705146E-005  6.77934227397256235E-006  0.70710000184427357     
  9.58737992428525731E-006  3.38965645038766424E-006  0.70710339153009716     
