           1   1.0000000000000000     
           2  0.96433535444665097     
           3  0.92867070889330194     
           4  0.89329024378260902     
           5  0.85790977867191609     
           6  0.82309090824551989     
           7  0.78827203781912369     
           8  0.75427891135540892     
           9  0.72028578489169404     
          10  0.68736330808037960     
          11  0.65444083126906527     
          12  0.62280943197976324     
          13  0.59117803269046121     
          14  0.56102935524284514     
          15  0.53088067779522907     
          16  0.50237434075331977     
          17  0.47386800371141047     
          18  0.44712950152481323     
          19  0.42039099933821600     
          20  0.39551077143485713     
          21  0.37063054353149821     
          22  0.34766417931301286     
          23  0.32469781509452744     
          24  0.30366731299407479     
          25  0.28263681089362214     
          26  0.26353276700084349     
          27  0.24442872310806479     
          28  0.22721329191951301     
          29  0.20999786073096122     
          30  0.19460830860785741     
          31  0.17921875648475361     
          32  0.16557141780953941     
          33  0.15192407913432521     
          34  0.13991852556287832     
          35  0.12791297199143140     
          36  0.11743621550395372     
          37  0.10695945901647604     
          38  9.78900280272472501E-002
          39  8.88205970380184506E-002
          40  8.10323496084724981E-002
          41  7.32441021789265456E-002
          42  6.66096691831300214E-002
          43  5.99752361873334972E-002
          44  5.43690178988821063E-002
          45  4.87627996104307154E-002
          46  4.40634695735964005E-002
          47  3.93641395367620855E-002
          48  3.54566380025679237E-002
          49  3.15491364683737618E-002
          50  2.83261607471687882E-002
          51  2.51031850259638110E-002
          52  2.24662048845080571E-002
          53  1.98292247430523032E-002
          54  1.76890669362828185E-002
          55  1.55489091295133337E-002
          56  1.38259661825051137E-002
          57  1.21030232354968938E-002
          58  1.07271478974724169E-002
          59  9.35127255944794011E-003
          60  8.26142142301738817E-003
          61  7.17157028658683710E-003
          62  6.31525856977363347E-003
          63  5.45894685296042896E-003
          64  4.79157204947601272E-003
          65  4.12419724599159734E-003
          66  3.60828305931441742E-003
          67  3.09236887263723750E-003
          68  2.69677332647284568E-003
          69  2.30117778030845344E-003
          70  2.00030132583013621E-003
          71  1.69942487135181920E-003
          72  1.47244626219896293E-003
          73  1.24546765304610666E-003
          74  1.07562777659539564E-003
          75  9.05787900144684830E-004
          76  7.79734951919642421E-004
          77  6.53682003694600012E-004
          78  5.60885562337755687E-004
          79  4.68089120980911362E-004
          80  4.00325908249674349E-004
          81  3.32562695518437337E-004
          82  2.83473086164939294E-004
          83  2.34383476811441250E-004
          84  1.99095087919435286E-004
          85  1.63806699027429348E-004
          86  1.38619523394133463E-004
          87  1.13432347760837604E-004
          88  9.55587611441608781E-005
          89  7.76851745274841521E-005
          90  6.50375916859408240E-005
          91  5.23900088443974822E-005
          92  4.34088399608173600E-005
          93  3.44276710772372310E-005
          94  2.79424008431892933E-005
          95  2.14571306091413557E-005
          96  1.65736857649628806E-005
          97  1.16902409207844056E-005
          98  7.69822647386039324E-006
          99  3.70621202693638093E-006
         100   0.0000000000000000     

           1   1.0000000000000000     
           2  0.97477498168296861     
           3  0.94954996336593722     
           4  0.92442564370230551     
           5  0.89930132403867380     
           6  0.87437719810892067     
           7  0.84945307217916755     
           8  0.82482625184538083     
           9  0.80019943151159412     
          10  0.77596351296219834     
          11  0.75172759441280257     
          12  0.72797159485452190     
          13  0.70421559529624123     
          14  0.68102297884994722     
          15  0.65783036240365322     
          16  0.63527817283269827     
          17  0.61272598326174332     
          18  0.59088409829041011     
          19  0.56904221331907689     
          20  0.54797273208382213     
          21  0.52690325084856737     
          22  0.50666002257470599     
          23  0.48641679430084456     
          24  0.46704509272663064     
          25  0.44767339115241667     
          26  0.42920973564641807     
          27  0.41074608014041947     
          28  0.39321820098829252     
          29  0.37569032183616557     
          30  0.35911726391318632     
          31  0.34254420599020707     
          32  0.32693656207837701     
          33  0.31132891816654695     
          34  0.29668918059724908     
          35  0.28204944302795121     
          36  0.26837246019347233     
          37  0.25469547735899345     
          38  0.24196899998073959     
          39  0.22924252260248573     
          40  0.21744782349326527     
          41  0.20565312438404482     
          42  0.19476567480034040     
          43  0.18387822521663597     
          44  0.17386841075038600     
          45  0.16385859628413604     
          46  0.15469245556203912     
          47  0.14552631483994219     
          48  0.13716628503757006     
          49  0.12880625523519795     
          50  0.12121190951787673     
          51  0.11361756380055552     
          52  0.10674632720936536     
          53  9.98750906181752052E-002
          54  9.36829225586242043E-002
          55  8.74907544990731895E-002
          56  8.19327877909390573E-002
          57  7.63748210828049251E-002
          58  7.14059494219499297E-002
          59  6.64370777610949342E-002
          60  6.20124853606984910E-002
          61  5.75878929603020479E-002
          62  5.36635220184375344E-002
          63  4.97391510765730210E-002
          64  4.62721045052481711E-002
          65  4.28050579339233281E-002
          66  3.97539364361610414E-002
          67  3.67028149383987548E-002
          68  3.40279889987388992E-002
          69  3.13531630590790436E-002
          70  2.90169816930209608E-002
          71  2.66808003269628780E-002
          72  2.46477395001817867E-002
          73  2.26146786734006955E-002
          74  2.08514331453119525E-002
          75  1.90881876172232096E-002
          76  1.75637105875478053E-002
          77  1.60392335578723975E-002
          78  1.47247289088444956E-002
          79  1.34102242598165954E-002
          80  1.22790964066213197E-002
          81  1.11479685534260457E-002
          82  1.01757349626197466E-002
          83  9.20350137181344743E-003
          84  8.36767270700737933E-003
          85  7.53184404220131297E-003
          86  6.81177667592559443E-003
          87  6.09170930964987589E-003
          88  5.46843462916815626E-003
          89  4.84515994868643662E-003
          90  4.30119451095306148E-003
          91  3.75722907321968677E-003
          92  3.27636925874903642E-003
          93  2.79550944427838606E-003
          94  2.36261384839407630E-003
          95  1.92971825250976676E-003
          96  1.53048065987530118E-003
          97  1.13124306724083560E-003
          98  7.51958503425245012E-004
          99  3.72673939609654420E-004
         100   0.0000000000000000     

           1   1.0000000000000000     
           2  0.97940205801610969     
           3  0.95880411603221938     
           4  0.93826102278249879     
           5  0.91771792953277820     
           6  0.89728409575619639     
           7  0.87685026197961458     
           8  0.85657922822253540     
           9  0.83630819446545623     
          10  0.81625221037146267     
          11  0.79619622627746911     
          12  0.77640584683969704     
          13  0.75661546740192509     
          14  0.73713917133829798     
          15  0.71766287527467076     
          16  0.69854671027821802     
          17  0.67943054528176527     
          18  0.66071780440621453     
          19  0.64200506353066367     
          20  0.62373599640712163     
          21  0.60546692928357970     
          22  0.58767849124030169     
          23  0.56989005319702368     
          24  0.55261569468511151     
          25  0.53534133617319934     
          26  0.51861083420147158     
          27  0.50188033222974382     
          28  0.48571966479723921     
          29  0.46955899736473461     
          30  0.45399026116459246     
          31  0.43842152496445030     
          32  0.42346289593305786     
          33  0.40850426690166541     
          34  0.39417000251600387     
          35  0.37983573813034233     
          36  0.36613621972727195     
          37  0.35243670132420152     
          38  0.33937851413946796     
          39  0.32632032695473445     
          40  0.31390637506654839     
          41  0.30149242317836239     
          42  0.28972207609844453     
          43  0.27795172901852666     
          44  0.26682099630850531     
          45  0.25569026359848401     
          46  0.24519199360542554     
          47  0.23469372361236709     
          48  0.22481782221593627     
          49  0.21494192081950542     
          50  0.20567558596475088     
          51  0.19640925110999635     
          52  0.18773721886213779     
          53  0.17906518661427920     
          54  0.17096998451155365     
          55  0.16287478240882813     
          56  0.15533698600135734     
          57  0.14779918959388655     
          58  0.14079767823431688     
          59  0.13379616687474719     
          60  0.12730837506275039     
          61  0.12082058325075359     
          62  0.11482274412027033     
          63  0.10882490498978706     
          64  0.10329228285658715     
          65  9.77596607233872372E-002
          66  9.26667699723312532E-002
          67  8.75738792212752831E-002
          68  8.28946871988403555E-002
          69  7.82154951764054140E-002
          70  7.39236071560858410E-002
          71  6.96317191357662818E-002
          72  6.57005438338248149E-002
          73  6.17693685318833480E-002
          74  5.81722630611674896E-002
          75  5.45751575904516312E-002
          76  5.12855511438978645E-002
          77  4.79959446973441048E-002
          78  4.49874406444897290E-002
          79  4.19789365916353532E-002
          80  3.92253930459450367E-002
          81  3.64718495002547272E-002
          82  3.39474387682423412E-002
          83  3.14230280362299483E-002
          84  2.91022756879898113E-002
          85  2.67815233397496744E-002
          86  2.46393279422102984E-002
          87  2.24971325446709225E-002
          88  2.05087673720085913E-002
          89  1.85204021993462600E-002
          90  1.66615004785688470E-002
          91  1.48025987577914304E-002
          92  1.30491242210985722E-002
          93  1.12956496844057140E-002
          94  9.62385438355746296E-003
          95  7.95205908270921191E-003
          96  6.33843057460943635E-003
          97  4.72480206650966079E-003
          98  3.14600220404153037E-003
          99  1.56720234157340038E-003
         100   0.0000000000000000     

           1   1.0000000000000000     
           2  0.98215903434292140     
           3  0.96431806868584280     
           4  0.94651267212533940     
           5  0.92870727556483601     
           6  0.91097280163431960     
           7  0.89323832770380318     
           8  0.87560970089642032     
           9  0.85798107408903734     
          10  0.84049258052272602     
          11  0.82300408695641469     
          12  0.80568917117782768     
          13  0.78837425539924066     
          14  0.77126532523549463     
          15  0.75415639507174848     
          16  0.73728463632442509     
          17  0.72041287757710171     
          18  0.70380808021365193     
          19  0.68720328285020205     
          20  0.67089368018635653     
          21  0.65458407752251091     
          22  0.63859619970833315     
          23  0.62260832189415538     
          24  0.60696686481914752     
          25  0.59132540774413977     
          26  0.57605311826674654     
          27  0.56078082878935342     
          28  0.54589840697690017     
          29  0.53101598516444692     
          30  0.51654200400470951     
          31  0.50206802284497209     
          32  0.48801886566394354     
          33  0.47396970848291498     
          34  0.46035952407862152     
          35  0.44674933967432806     
          36  0.43359001495735833     
          37  0.42043069024038859     
          38  0.40773183996155377     
          39  0.39503298968271894     
          40  0.38280196263016841     
          41  0.37057093557761789     
          42  0.35881283644269119     
          43  0.34705473730776448     
          44  0.33577246325344695     
          45  0.32449018919912942     
          46  0.31368448001939775     
          47  0.30287877083966608     
          48  0.29254827147405615     
          49  0.28221777210844623     
          50  0.27235910617523618     
          51  0.26250044024202612     
          52  0.25310829317643779     
          53  0.24371614611084952     
          54  0.23478335644214879     
          55  0.22585056677344806     
          56  0.21736822404684544     
          57  0.20888588132024283     
          58  0.20084342916573084     
          59  0.19280097701121884     
          60  0.18518631988120390     
          61  0.17757166275118896     
          62  0.17037127489089646     
          63  0.16317088703060395     
          64  0.15636992230833507     
          65  0.14956895758606623     
          66  0.14315135889275316     
          67  0.13673376019944006     
          68  0.13068236722661752     
          69  0.12463097425379498     
          70  0.11892762857391062     
          71  0.11322428289402627     
          72  0.10784992939461094     
          73  0.10247557589519563     
          74  9.74103597563537038E-002
          75  9.23451436175117685E-002
          76  8.75685021679348807E-002
          77  8.27918607183580069E-002
          78  7.82826096560464979E-002
          79  7.37733585937350028E-002
          80  6.95097722112628658E-002
          81  6.52461858287907287E-002
          82  6.12060710367511793E-002
          83  5.71659562447116298E-002
          84  5.33267203384795857E-002
          85  4.94874844322475416E-002
          86  4.58261966940487625E-002
          87  4.21649089558499834E-002
          88  3.86583563241199440E-002
          89  3.51518036923899116E-002
          90  3.17765408614779712E-002
          91  2.84012780305660309E-002
          92  2.51336724641059231E-002
          93  2.18660668976458118E-002
          94  1.86823393466747922E-002
          95  1.54986117957037761E-002
          96  1.23748730063761025E-002
          97  9.25113421704842724E-003
          98  6.16341859127505793E-003
          99  3.07570296550168862E-003
         100   0.0000000000000000     

           1   1.0000000000000000     
           2  0.98403141518901371     
           3  0.96806283037802743     
           4  0.95211946017108207     
           5  0.93617608996413670     
           6  0.92028302173037690     
           7  0.90438995349661710     
           8  0.88857202106688460     
           9  0.87275408863715209     
          10  0.85703574785286207     
          11  0.84131740706857217     
          12  0.82572261408243519     
          13  0.81012782109629833     
          14  0.79467991429300577     
          15  0.77923200748971322     
          16  0.76395359385352402     
          17  0.74867518021733481     
          18  0.73358802692320124     
          19  0.71850087362906767     
          20  0.70362580557527621     
          21  0.68875073752148475     
          22  0.67410754145564233     
          23  0.65946434538979981     
          24  0.64507168120734482     
          25  0.63067901702488982     
          26  0.61655433674122839     
          27  0.60242965645756696     
          28  0.58858913127256951     
          29  0.57474860608757217     
          30  0.56120706187571145     
          31  0.54766551766385063     
          32  0.53443637913594300     
          33  0.52120724060803547     
          34  0.50830248430261316     
          35  0.49539772799719073     
          36  0.48282784417219682     
          37  0.47025796034720291     
          38  0.45803192375718971     
          39  0.44580588716717651     
          40  0.43393113662862759     
          41  0.42205638609007873     
          42  0.41053881265898218     
          43  0.39902123922788568     
          44  0.38786518274024384     
          45  0.37670912625260200     
          46  0.36591737991109574     
          47  0.35512563356958948     
          48  0.34469945619891007     
          49  0.33427327882823066     
          50  0.32421241436833304     
          51  0.31415154990843541     
          52  0.30445425366969331     
          53  0.29475695743095121     
          54  0.28542002859831861     
          55  0.27608309976568596     
          56  0.26710191961075802     
          57  0.25812073945583014     
          58  0.24948931469627300     
          59  0.24085788993671589     
          60  0.23256890067188252     
          61  0.22427991140704917     
          62  0.21632476305656229     
          63  0.20836961470607540     
          64  0.20073849338444522     
          65  0.19310737206281506     
          66  0.18578930283735462     
          67  0.17847123361189421     
          68  0.17145414111276341     
          69  0.16443704861363265     
          70  0.15770781949314111     
          71  0.15097859037264955     
          72  0.14452313714524398     
          73  0.13806768391783841     
          74  0.13187100975167468     
          75  0.12567433558551094     
          76  0.11972059966027986     
          77  0.11376686373504877     
          78  0.10803944682785546     
          79  0.10231202992066216     
          80  9.67935999312790341E-002
          81  9.12751699418959117E-002
          82  8.59477471196290477E-002
          83  8.06203242973621698E-002
          84  7.54653459830973705E-002
          85  7.03103676688325852E-002
          86  6.53087524165771316E-002
          87  6.03071371643216780E-002
          88  5.54393481557770573E-002
          89  5.05715591472324297E-002
          90  4.58176668597090886E-002
          91  4.10637745721857475E-002
          92  3.64035187036462898E-002
          93  3.17432628351068391E-002
          94  2.71561135295104866E-002
          95  2.25689642239141341E-002
          96  1.80341826746249698E-002
          97  1.34994011253358019E-002
          98  8.99609966353280208E-003
          99  4.49279820172980224E-003
         100   0.0000000000000000     

           1   1.0000000000000000     
           2  0.98539167576166264     
           3  0.97078335152332529     
           4  0.95619375434863008     
           5  0.94160415717393497     
           6  0.92705192940793335     
           7  0.91249970164193162     
           8  0.89800331668402156     
           9  0.88350693172611139     
          10  0.86908461078161414     
          11  0.85466228983711701     
          12  0.84033192012581892     
          13  0.82600155041452084     
          14  0.81178060530147755     
          15  0.79755966018843438     
          16  0.78346512168522986     
          17  0.76937058318202534     
          18  0.75541886724571228     
          19  0.74146715130939933     
          20  0.72767403634180550     
          21  0.71388092137421177     
          22  0.70026148029647994     
          23  0.68664203921874800     
          24  0.67321057546525354     
          25  0.65977911171175907     
          26  0.64654909945430283     
          27  0.63331908719684671     
          28  0.62030311607467048     
          29  0.60728714495249425     
          30  0.59449686954665659     
          31  0.58170659414081904     
          32  0.56915268839325317     
          33  0.55659878264568730     
          34  0.54429089938430431     
          35  0.53198301612292120     
          36  0.51992975181488910     
          37  0.50787648750685710     
          38  0.49608535232314072     
          39  0.48429421713942433     
          40  0.47277161037525062     
          41  0.46124900361107696     
          42  0.45000019446964334     
          43  0.43875138532820973     
          44  0.42778049903905968     
          45  0.41680961274990957     
          46  0.40611962195935503     
          47  0.39542963116880042     
          48  0.38502235250789762     
          49  0.37461507384699477     
          50  0.36449116955318206     
          51  0.35436726525936929     
          52  0.34452624970120471     
          53  0.33468523414304019     
          54  0.32512548507373867     
          55  0.31556573600443716     
          56  0.30628451034925552     
          57  0.29700328469407389     
          58  0.28799673865913733     
          59  0.27899019262420077     
          60  0.27025340590015406     
          61  0.26151661917610736     
          62  0.25304362299901495     
          63  0.24457062682192254     
          64  0.23635443564608150     
          65  0.22813824447024045     
          66  0.22017089100291531     
          67  0.21220353753559018     
          68  0.20447611088198353     
          69  0.19674868422837685     
          70  0.18925137089622923     
          71  0.18175405756408158     
          72  0.17447618508092394     
          73  0.16719831259776630     
          74  0.16012839549976898     
          75  0.15305847840177167     
          76  0.14618426636105727     
          77  0.13931005432034288     
          78  0.13261858218724393     
          79  0.12592711005414498     
          80  0.11940474960186076     
          81  0.11288238914957656     
          82  0.10651490232067382     
          83  0.10014741549177107     
          84  9.39200089586326309E-002
          85  8.76926024254941899E-002
          86  8.15899832897977878E-002
          87  7.54873641541013857E-002
          88  6.94937966233667159E-002
          89  6.35002290926320323E-002
          90  5.75995919844759716E-002
          91  5.16989548763199108E-002
          92  4.58747998129956439E-002
          93  4.00506447496713769E-002
          94  3.42862549164463654E-002
          95  2.85218650832213504E-002
          96  2.28003144339104583E-002
          97  1.70787637845995696E-002
          98  1.13829765858835721E-002
          99  5.68718938716757452E-003
         100   0.0000000000000000     

           1   1.0000000000000000     
           2  0.98641471106293332     
           3  0.97282942212586676     
           4  0.95925837384137624     
           5  0.94568732555688562     
           6  0.93214469784371712     
           7  0.91860207013054862     
           8  0.90510192173897619     
           9  0.89160177334740365     
          10  0.87815798202087536     
          11  0.86471419069434707     
          12  0.85134039422037455     
          13  0.83796659774640192     
          14  0.82467613618347491     
          15  0.81138567462054789     
          16  0.79819153397974185     
          17  0.78499739333893581     
          18  0.77191215098889365     
          19  0.75882690863885149     
          20  0.74586268069108175     
          21  0.73289845274331200     
          22  0.72006684366137153     
          23  0.70723523457943116     
          24  0.69454728924069742     
          25  0.68185934390196379     
          26  0.66932550232449994     
          27  0.65679166074703610     
          28  0.64442171567668449     
          29  0.63205177060633300     
          30  0.61985482814081327     
          31  0.60765788567529355     
          32  0.59564232908291181     
          33  0.58362677249052997     
          34  0.57180022936132346     
          35  0.55997368623211696     
          36  0.54834299907904593     
          37  0.53671231192597491     
          38  0.52528351233332460     
          39  0.51385471274067429     
          40  0.50263299913633830     
          41  0.49141128553200231     
          42  0.48040100463995411     
          43  0.46939072374790591     
          44  0.45859535575711896     
          45  0.44779998776633195     
          46  0.43722213523282788     
          47  0.42664428269932381     
          48  0.41628566317908233     
          49  0.40592704365884091     
          50  0.39578848605111983     
          51  0.38564992844339874     
          52  0.37573137300671983     
          53  0.36581281757004092     
          54  0.35611331955680170     
          55  0.34641382154356254     
          56  0.33693155838402444     
          57  0.32744929522448629     
          58  0.31818157717683654     
          59  0.30891385912918679     
          60  0.29985714329953256     
          61  0.29080042746987833     
          62  0.28195033509442990     
          63  0.27310024271898148     
          64  0.26445157959034343     
          65  0.25580291646170539     
          66  0.24734969637210760     
          67  0.23889647628250982     
          68  0.23063194734895698     
          69  0.22236741841540414     
          70  0.21428409214506616     
          71  0.20620076587472819     
          72  0.19829044882337737     
          73  0.19038013177202656     
          74  0.18263395964388926     
          75  0.17488778751575196     
          76  0.16729626154969979     
          77  0.15970473558364762     
          78  0.15225776106811950     
          79  0.14481078655259139     
          80  0.13749771330991489     
          81  0.13018464006723843     
          82  0.12299430474700493     
          83  0.11580396942677143     
          84  0.10872473944750526     
          85  0.10164550946823908     
          86  9.46653284466817402E-002
          87  8.76851474251243990E-002
          88  8.07915819329179385E-002
          89  7.38980164407114920E-002
          90  6.70783039290094446E-002
          91  6.02585914173073903E-002
          92  5.34996891507636546E-002
          93  4.67407868842199259E-002
          94  4.00294217268136882E-002
          95  3.33180565694074504E-002
          96  2.66407754655690679E-002
          97  1.99634943617306854E-002
          98  1.33067153571654918E-002
          99  6.64993635260029831E-003
         100   0.0000000000000000     

           1   1.0000000000000000     
           2  0.98719749007503688     
           3  0.97439498015007375     
           4  0.96160342510631003     
           5  0.94881187006254630     
           6  0.93604217943230394     
           7  0.92327248880206148     
           8  0.91053548162242781     
           9  0.89779847444279426     
          10  0.88510483451317168     
          11  0.87241119458354910     
          12  0.85977142632623105     
          13  0.84713165806891300     
          14  0.83455604318844134     
          15  0.82198042830796969     
          16  0.80947898344057578     
          17  0.79697753857318177     
          18  0.78455997411212886     
          19  0.77214240965107594     
          20  0.75981808992723476     
          21  0.74749377020339358     
          22  0.73527167519296155     
          23  0.72304958018252941     
          24  0.71093826890550260     
          25  0.69882695762847580     
          26  0.68683453339237144     
          27  0.67484210915626708     
          28  0.66297618678974424     
          29  0.65111026442322140     
          30  0.63937793963374467     
          31  0.62764561484426784     
          32  0.61605343582287309     
          33  0.60446125680147844     
          34  0.59301519818613335     
          35  0.58156913957078837     
          36  0.57027457886785959     
          37  0.55898001816493093     
          38  0.54784171471598508     
          39  0.53670341126703924     
          40  0.52572548783568662     
          41  0.51474756440433400     
          42  0.50393349144516719     
          43  0.49311941848600027     
          44  0.48247200114496974     
          45  0.47182458380393921     
          46  0.46134595168682302     
          47  0.45086731956970683     
          48  0.44055891930275082     
          49  0.43025051903579481     
          50  0.42011310963020032     
          51  0.40997570022460578     
          52  0.40000935124438775     
          53  0.39004300226416971     
          54  0.38024709478506458     
          55  0.37045118730595938     
          56  0.36082441764158446     
          57  0.35119764797720948     
          58  0.34173803413761616     
          59  0.33227842029802290     
          60  0.32298331113518536     
          61  0.31368820197234781     
          62  0.30455428895702286     
          63  0.29542037594169784     
          64  0.28644370750651427     
          65  0.27746703907133063     
          66  0.26864303744593282     
          67  0.25981903582053500     
          68  0.25114251627613610     
          69  0.24246599673173719     
          70  0.23393118914453981     
          71  0.22539638155734240     
          72  0.21699695419296128     
          73  0.20859752682858013     
          74  0.20032661224284870     
          75  0.19205569765711727     
          76  0.18390592060247191     
          77  0.17575614354782651     
          78  0.16771965076882375     
          79  0.15968315798982100     
          80  0.15175164978624028     
          81  0.14382014158265960     
          82  0.13598490501405386     
          83  0.12814966844544812     
          84  0.12040161204690858     
          85  0.11265355564836906     
          86  0.10498324552364233     
          87  9.73129353989155982E-002
          88  8.97106325538259697E-002
          89  8.21083297087363551E-002
          90  7.45640284851005752E-002
          91  6.70197272614647954E-002
          92  5.95231947293137775E-002
          93  5.20266621971627666E-002
          94  4.45674783610827546E-002
          95  3.71082945250027496E-002
          96  2.96758931987547089E-002
          97  2.22434918725066648E-002
          98  1.48272020747580134E-002
          99  7.41091227700936290E-003
         100   0.0000000000000000     

           1   1.0000000000000000     
           2  0.98780145516839579     
           3  0.97560291033679158     
           4  0.96341283960674373     
           5  0.95122276887669588     
           6  0.93904961177587842     
           7  0.92687645467506097     
           8  0.91472858172986748     
           9  0.90258070878467400     
          10  0.89046638738508355     
          11  0.87835206598549298     
          12  0.86627942668656754     
          13  0.85420678738764211     
          14  0.84218379078992456     
          15  0.83016079419220690     
          16  0.81819519854050571     
          17  0.80622960288880452     
          18  0.79432893252541359     
          19  0.78242826216202266     
          20  0.77059977696634308     
          21  0.75877129177066349     
          22  0.74702195771250912     
          23  0.73527262365435475     
          24  0.72360908458295026     
          25  0.71194554551154576     
          26  0.70037409629641223     
          27  0.68880264708127870     
          28  0.67732920821487497     
          29  0.66585576934847124     
          30  0.65448586311366341     
          31  0.64311595687885559     
          32  0.63185468517706367     
          33  0.62059341347527175     
          34  0.60944543740353463     
          35  0.59829746133179751     
          36  0.58726698258905030     
          37  0.57623650384630309     
          38  0.56532724804092327     
          39  0.55441799223554356     
          40  0.54363319415773870     
          41  0.53284839607993384     
          42  0.52219078699386179     
          43  0.51153317790778963     
          44  0.50100497490947393     
          45  0.49047677191115824     
          46  0.48007966938932484     
          47  0.46968256686749144     
          48  0.45941773009546283     
          49  0.44915289332343422     
          50  0.43902095420121284     
          51  0.42888901507899146     
          52  0.41889007003569051     
          53  0.40889112499238955     
          54  0.39902473505026653     
          55  0.38915834510814351     
          56  0.37942353810070073     
          57  0.36968873109325795     
          58  0.36008400602123042     
          59  0.35047928094920289     
          60  0.34100261444979063     
          61  0.33152594795037843     
          62  0.32217480284683253     
          63  0.31282365774328658     
          64  0.30359499363395070     
          65  0.29436632952461478     
          66  0.28525661536278768     
          67  0.27614690120096064     
          68  0.26715212980949926     
          69  0.25815735841803789     
          70  0.24927306287548762     
          71  0.24038876733293735     
          72  0.23161003916117731     
          73  0.22283131098941727     
          74  0.21415282006635181     
          75  0.20547432914328634     
          76  0.19689034525802174     
          77  0.18830636137275716     
          78  0.17981077733497772     
          79  0.17131519329719827     
          80  0.16290154950711228     
          81  0.15448790571702625     
          82  0.14614941609729482     
          83  0.13781092647756338     
          84  0.12954050566405834     
          85  0.12127008485055329     
          86  0.11306037653461883     
          87  0.10485066821868436     
          88  9.66940745298034143E-002
          89  8.85374808409224862E-002
          90  8.04261926553132001E-002
          91  7.23149044697039278E-002
          92  6.42409325273952669E-002
          93  5.61669605850865922E-002
          94  4.81221672954451063E-002
          95  4.00773740058036274E-002
          96  3.20535058193049879E-002
          97  2.40296376328063485E-002
          98  1.60183578550638223E-002
          99  8.00707807732129427E-003
         100   0.0000000000000000     

           1   1.0000000000000000     
           2  0.98826931265937268     
           3  0.97653862531874536     
           4  0.96481451036017762     
           5  0.95309039540160989     
           6  0.94137939857761876     
           7  0.92966840175362764     
           8  0.91797701566752532     
           9  0.90628562958142289     
          10  0.89462026738693146     
          11  0.88295490519243991     
          12  0.87132187462101007     
          13  0.85968884404958024     
          14  0.84809432187239886     
          15  0.83649979969521748     
          16  0.82494980672496976     
          17  0.81339981375472203     
          18  0.80190019048980754     
          19  0.79040056722489305     
          20  0.77895695023596856     
          21  0.76751333324704407     
          22  0.75613113240251928     
          23  0.74474893155799438     
          24  0.73343330818144137     
          25  0.72211768480488836     
          26  0.71087353085326499     
          27  0.69962937690164173     
          28  0.68846129524879807     
          29  0.67729321359595440     
          30  0.66620549950110752     
          31  0.65511778540626076     
          32  0.64411440924201679     
          33  0.63311103307777294     
          34  0.62219562438686471     
          35  0.61128021569595647     
          36  0.60045604864018665     
          37  0.58963188158441682     
          38  0.57890186184337245     
          39  0.56817184210232807     
          40  0.55753849527328925     
          41  0.54690514844425042     
          42  0.53637060998839536     
          43  0.52583607153254031     
          44  0.51540207830606222     
          45  0.50496808507958413     
          46  0.49463596848173402     
          47  0.48430385188388392     
          48  0.47407453264724675     
          49  0.46384521341060958     
          50  0.45371919805215788     
          51  0.44359318269370623     
          52  0.43357056163836977     
          53  0.42354794058303330     
          54  0.41362838796471590     
          55  0.40370883534639851     
          56  0.39389161048458665     
          57  0.38407438562277474     
          58  0.37435833616614522     
          59  0.36464228670951576     
          60  0.35502585343129245     
          61  0.34540942015306919     
          62  0.33589064337632013     
          63  0.32637186659957113     
          64  0.31694839422421262     
          65  0.30752492184885416     
          66  0.29819401894584907     
          67  0.28886311604284398     
          68  0.27962167597498178     
          69  0.27038023590711957     
          70  0.26122479292985701     
          71  0.25206934995259450     
          72  0.24299609324274674     
          73  0.23392283653289897     
          74  0.22492762558751067     
          75  0.21593241464212234     
          76  0.20701079598464489     
          77  0.19808917732716744     
          78  0.18923640245312739     
          79  0.18038362757908735     
          80  0.17159467206877488     
          81  0.16280571655846243     
          82  0.15407530027980620     
          83  0.14534488400115000     
          84  0.13666749232189043     
          85  0.12799010064263086     
          86  0.11936000656716692     
          87  0.11072991249170297     
          88  0.10214119963457988     
          89  9.35524867774567837E-002
          90  8.49990730823896867E-002
          91  7.64456593873225898E-002
          92  6.79213214979244861E-002
          93  5.93969836085263686E-002
          94  5.08953817945315273E-002
          95  4.23937799805366930E-002
          96  3.39084835212913466E-002
          97  2.54231870620460071E-002
          98  1.69476999873785089E-002
          99  8.47221291271100727E-003
         100   0.0000000000000000     

