           1   1.0000000000000000     
           2  0.96426389576077010     
           3  0.92859958664506803     
           4  0.89307843418900745     
           5  0.85777093712689678     
           6  0.82274631086101757     
           7  0.78807207980411109     
           8  0.75381368660197490     
           9  0.72003412200722128     
          10  0.68679357888791559     
          11  0.65414913352167492     
          12  0.62215445695276672     
          13  0.59085955878337948     
          14  0.56031056533760726     
          15  0.53054953368522229     
          16  0.50161430254961648     
          17  0.47353838065803450     
          18  0.44635087262993939     
          19  0.42007644204832706     
          20  0.39473531092591158     
          21  0.37034329436969399     
          22  0.34691186886921593     
          23  0.32444827229075585     
          24  0.30295563335604059     
          25  0.28243312812301996     
          26  0.26287616077031628     
          27  0.24427656581763352     
          28  0.22662282879231524     
          29  0.20990032227712660     
          30  0.19409155424514118     
          31  0.17917642560249952     
          32  0.16513249391625673     
          33  0.15193524039942652     
          34  0.13955833735502604     
          35  0.12797391344138970     
          36  0.11715281430790520     
          37  0.10706485635907850     
          38  9.76790716308141432E-002
          39  8.89639420013426108E-002
          40  8.08876212057796362E-002
          41  7.34181433734663880E-002
          42  6.65236170568682394E-002
          43  6.01724039660628818E-002
          44  5.43332818602463505E-002
          45  4.89755912741512908E-002
          46  4.40693659701555732E-002
          47  3.95854472039618571E-002
          48  3.54955820713022327E-002
          49  3.17725063638696764E-002
          50  2.83900125037409683E-002
          51  2.53230032464895824E-002
          52  2.25475319439368931E-002
          53  2.00408302383540890E-002
          54  1.77813241215195733E-002
          55  1.57486393352466933E-002
          56  1.39235971159433723E-002
          57  1.22882012957568204E-002
          58  1.08256177683427948E-002
          59  9.52014730983300438E-003
          60  8.35719271676901333E-003
          61  7.32322118426504028E-003
          62  6.40572280108316072E-003
          63  5.59316598524176468E-003
          64  4.87495062575524999E-003
          65  4.24135963455651594E-003
          66  3.68350954891638344E-003
          67  3.19330075996055894E-003
          68  2.76336787828351934E-003
          69  2.38703068412591786E-003
          70  2.05824604793948280E-003
          71  1.77156114809945398E-003
          72  1.52206825659781733E-003
          73  1.30536131119548811E-003
          74  1.11749444404612920E-003
          75  9.54942592438916466E-004
          76  8.14564277155317511E-004
          77  6.93566598021984858E-004
          78  5.89472464518621766E-004
          79  5.00090051651775323E-004
          80  4.23484447564752579E-004
          81  3.57951439308469229E-004
          82  3.01993366602633037E-004
          83  2.54296960001200434E-004
          84  2.13713069354148975E-004
          85  1.79238180533899971E-004
          86  1.49997612771250835E-004
          87  1.25230285327455990E-004
          88  1.04274940328684843E-004
          89  8.65577081303854976E-005
          90  7.15809023002416734E-005
          91  5.89129329640756657E-005
          92  4.81792296219097033E-005
          93  3.90540674031824236E-005
          94  3.12531939021036296E-005
          95  2.45271570472519636E-005
          96  1.86552377641637754E-005
          97  1.34398943552344475E-005
          98  8.70162843559270174E-006
          99  4.27418483230775218E-006
         100   0.0000000000000000     

           1   1.0000000000000000     
           2  0.97474973374415974     
           3  0.94952477467433571     
           4  0.92435035380726016     
           5  0.89925155020356051     
           6  0.87425321594317607     
           7  0.84937990223742188     
           8  0.82465578704413967     
           9  0.80010460454184329     
          10  0.77574957680579948     
          11  0.75161334801366253     
          12  0.72771792149078052     
          13  0.70408459988573546     
          14  0.68073392874525518     
          15  0.65768564373453775     
          16  0.63495862172444351     
          17  0.61257083594116524     
          18  0.59053931534709581     
          19  0.56888010839390246     
          20  0.54760825126053503     
          21  0.52673774066025159     
          22  0.50628151127199739     
          23  0.48625141782283954     
          24  0.46665822181986705     
          25  0.44751158290223941     
          26  0.42882005475710933     
          27  0.41059108551715695     
          28  0.39283102253264074     
          29  0.37554512138736196     
          30  0.35873755900591214     
          31  0.34241145067916368     
          32  0.32656887081628982     
          33  0.31121087721476665     
          34  0.29633753862489448     
          35  0.28194796537244293     
          36  0.26804034279211741     
          37  0.25461196721568169     
          38  0.24165928425176528     
          39  0.22917792908961168     
          40  0.21716276855625871     
          41  0.20560794465583357     
          42  0.19450691932072861     
          43  0.18385252010731959     
          44  0.17363698657350521     
          45  0.16385201708158012     
          46  0.15448881577768778     
          47  0.14553813950821259     
          48  0.13699034444383290     
          49  0.12883543219342630     
          50  0.12106309520246494     
          51  0.11366276124380804     
          52  0.10662363682275650     
          53  9.99347493327310959E-002
          54  9.35849878128331147E-002
          55  8.75631421737041032E-002
          56  8.18579407733872749E-002
          57  7.64580862401770672E-002
          58  7.13522894546042008E-002
          59  6.65293016176269209E-002
          60  6.19779443466771107E-002
          61  5.76871377553463544E-002
          62  5.36459264861016902E-002
          63  4.98435036784162164E-002
          64  4.62692328670151268E-002
          65  4.29126678165156622E-002
          66  3.97635703095296847E-002
          67  3.68119259152614037E-002
          68  3.40479577747415108E-002
          69  3.14621384470714568E-002
          70  2.90451998683991172E-002
          71  2.67881414818063844E-002
          72  2.46822366018677568E-002
          73  2.27190370823507383E-002
          74  2.08903763593952796E-002
          75  1.91883709455590093E-002
          76  1.76054204523812020E-002
          77  1.61342062206409759E-002
          78  1.47676886383079076E-002
          79  1.34991032263538577E-002
          80  1.23219555721647452E-002
          81  1.12300151893138470E-002
          82  1.02173083809899909E-002
          83  9.27811018247183365E-003
          84  8.40693545576147623E-003
          85  7.59852920689532089E-003
          86  6.84785619359542207E-003
          87  6.15008988786807601E-003
          88  5.50060085495443409E-003
          89  4.89494460674504139E-003
          90  4.32884898443940645E-003
          91  3.79820112191341704E-003
          92  3.29903403799962662E-003
          93  2.82751290273335065E-003
          94  2.37992101961314066E-003
          95  1.95264556310643239E-003
          96  1.54216310803531424E-003
          97  1.14502498513525605E-003
          98  7.57842495019285219E-004
          99  3.77272011025775943E-004
         100   0.0000000000000000     

           1   1.0000000000000000     
           2  0.97938831046466235     
           3  0.95879038112223358     
           4  0.93821994456158853     
           5  0.91769067825551187     
           6  0.89721617723216318     
           7  0.87680992702074578     
           8  0.85648527696076704     
           9  0.83625541396257053     
          10  0.81613333680471090     
          11  0.79613183105122043     
          12  0.77626344466893360     
          13  0.75654046442177691     
          14  0.73697489311533604     
          15  0.71757842776108682     
          16  0.69836243872545845     
          17  0.67933794992440133     
          18  0.66051562011938292     
          19  0.64190572536577040     
          20  0.62351814265939765     
          21  0.60536233482178636     
          22  0.58744733665903137     
          23  0.56978174242379831     
          24  0.55237369460424168     
          25  0.53523087405797232     
          26  0.51836049150350572     
          27  0.50176928037595891     
          28  0.48546349104812170     
          29  0.46944888641248850     
          30  0.45373073881438503     
          31  0.43831382832100996     
          32  0.42320244230605375     
          33  0.40840037632457926     
          34  0.39391093624807666     
          35  0.37973694162505639     
          36  0.36588073022824125     
          37  0.35234416374537719     
          38  0.33912863456691994     
          39  0.32623507362037979     
          40  0.31366395919794204     
          41  0.30141532672111981     
          42  0.28948877938366302     
          43  0.27788349961173531     
          44  0.26659826127848929     
          45  0.25563144260862164     
          46  0.24498103970726715     
          47  0.23464468064670035     
          48  0.22461964004374380     
          49  0.21490285406053183     
          50  0.20549093576133859     
          51  0.19638019075854016     
          52  0.18756663308143220     
          53  0.17904600120255634     
          54  0.17081377415738500     
          55  0.16286518769466485     
          56  0.15519525039640431     
          57  0.14779875970840026     
          58  0.14067031782431083     
          59  0.13380434736858476     
          60  0.12719510682602916     
          61  0.12083670566842464     
          62  0.11472311913135959     
          63  0.10884820259733570     
          64  0.10320570554417954     
          65  9.77892850208602338E-002
          66  9.25925186159455155E-002
          67  8.76089168871124618E-002
          68  8.28319352233448936E-002
          69  7.82549851146872311E-002
          70  7.38714448076641245E-002
          71  6.96746693277071200E-002
          72  6.56579998531378189E-002
          73  6.18147724284301980E-002
          74  5.81383260076020550E-002
          75  5.46220098216554789E-002
          76  5.12591900669893061E-002
          77  4.80432559146346042E-002
          78  4.49676248430086814E-002
          79  4.20257472996376641E-002
          80  3.92111106999557049E-002
          81  3.65172427738455832E-002
          82  3.39377142730362055E-002
          83  3.14661410548138579E-002
          84  2.90961855597327949E-002
          85  2.68215577031252032E-002
          86  2.46360152022085700E-002
          87  2.25333633624693573E-002
          88  2.05074543487653339E-002
          89  1.85521859682341930E-002
          90  1.66614999936244707E-002
          91  1.48293800570761403E-002
          92  1.30498491456739283E-002
          93  1.13169667312776473E-002
          94  9.62482556820138009E-003
          95  7.96754819326928390E-003
          96  6.33928316362084455E-003
          97  4.73420106837447834E-003
          98  3.14649035088634347E-003
          99  1.57035297886272342E-003
         100   0.0000000000000000     

           1   1.0000000000000000     
           2  0.98215004874263356     
           3  0.96430901292268867     
           4  0.94648579442118486     
           5  0.92868926803931762     
           6  0.91092826804087690     
           7  0.89321157479312807     
           8  0.87554790153842699     
           9  0.85794588132836103     
          10  0.84041405415162818     
          11  0.82296085428617438     
          12  0.80559459790529220     
          13  0.78832347096649047     
          14  0.77115551741092458     
          15  0.75409862770007852     
          16  0.73716052771519025     
          17  0.72034876804363368     
          18  0.70367071367511014     
          19  0.68713353412906353     
          20  0.67074419403323560     
          21  0.65450944417171220     
          22  0.63843581301919472     
          23  0.62252959877656633     
          24  0.60679686192111804     
          25  0.59124341828306426     
          26  0.57587483265821193     
          27  0.56069641296487116     
          28  0.54571320495130216     
          29  0.53092998745820053     
          30  0.51635126823893529     
          31  0.50198128033847400     
          32  0.48782397903017427     
          33  0.47388303930788633     
          34  0.46016185392911141     
          35  0.44666353200330217     
          36  0.43339089811777276     
          37  0.42034649199212687     
          38  0.40753256865060361     
          39  0.39495109910029697     
          40  0.38260377150183272     
          41  0.37049199281778006     
          42  0.35861689092285287     
          43  0.34697931715880781     
          44  0.33557984931588708     
          45  0.32441879502168208     
          46  0.31349619551740776     
          47  0.30281182980079197     
          48  0.29236521911408320     
          49  0.28215563175508290     
          50  0.27218208818860351     
          51  0.26244336643534660     
          52  0.25293800771488628     
          53  0.24366432231923060     
          54  0.23462039569331719     
          55  0.22580409469877732     
          56  0.21721307403737672     
          57  0.20884478281070418     
          58  0.20069647119293241     
          59  0.19276519719381760     
          60  0.18504783348952741     
          61  0.17754107429939356     
          62  0.17024144228726876     
          63  0.16314529546682358     
          64  0.15624883409084717     
          65  0.14954810750540801     
          66  0.14303902095058504     
          67  0.13671734229039115     
          68  0.13057870865547411     
          69  0.12461863298319159     
          70  0.11883251044071096     
          71  0.11321562471787545     
          72  0.10776315417770348     
          73  0.10247017785353933     
          74  9.73316812830485739E-002
          75  9.23425621704435928E-002
          76  8.74976358695293832E-002
          77  8.27916406813721806E-002
          78  7.82192429616081486E-002
          79  7.37750420336219515E-002
          80  6.94535749050300688E-002
          81  6.52493207860976310E-002
          82  6.11567054098938884E-002
          83  5.71701051551481779E-002
          84  5.32838509738985944E-002
          85  4.94922321271271115E-002
          86  4.57894997326430270E-002
          87  4.21698701305069576E-002
          88  3.86275280722776157E-002
          89  3.51566297413086273E-002
          90  3.17513056122201084E-002
          91  2.84056631585164789E-002
          92  2.51137894181146168E-002
          93  2.18697534272829439E-002
          94  1.86676085341693672E-002
          95  1.55013946037122485E-002
          96  1.23651401262814230E-002
          97  9.25286424288421054E-003
          98  6.15857870019240108E-003
          99  3.07628974899933853E-003
         100   0.0000000000000000     

           1   1.0000000000000000     
           2  0.98402485459696754     
           3  0.96805602597689810     
           4  0.95209982293326678     
           5  0.93616253829526896     
           6  0.92025044098237929     
           7  0.90436976810283154     
           8  0.88852671711046272     
           9  0.87272743803419506     
          10  0.85697802579422178     
          11  0.84128451261871595     
          12  0.82565286057458809     
          13  0.81008895422549931     
          14  0.79459859342996764     
          15  0.77918748629201096     
          16  0.76386124227633656     
          17  0.74862536549962433     
          18  0.73348524820895233     
          19  0.71844616445789544     
          20  0.70351326399027281     
          21  0.68869156634094719     
          22  0.67398595516248405     
          23  0.65940117278585364     
          24  0.64494181502273340     
          25  0.63061232621630758     
          26  0.61641699454680154     
          27  0.60235994759731182     
          28  0.58844514818480587     
          29  0.57467639046047958     
          30  0.56105729628296130     
          31  0.54759131186716425     
          32  0.53428170471088465     
          33  0.52113156080056355     
          34  0.50814378209693989     
          35  0.49532108430064820     
          36  0.48266599489715234     
          37  0.47018085147975136     
          38  0.45786780034875935     
          39  0.44572879538434107     
          40  0.43376559718988500     
          41  0.42197977250221619     
          42  0.41037269386439484     
          43  0.39894553955631673     
          44  0.38769929377782242     
          45  0.37663474707854833     
          46  0.36575249702830015     
          47  0.35505294912131397     
          48  0.34453631790737810     
          49  0.33420262834243813     
          50  0.32405171735098126     
          51  0.31408323559220902     
          52  0.30429664942175139     
          53  0.29469124304045674     
          54  0.28526612082160435     
          55  0.27602020980773662     
          56  0.26695226236819258     
          57  0.25806085900834141     
          58  0.24934441132146876     
          59  0.24080116507425564     
          60  0.23242920341680859     
          61  0.22422645020825321     
          62  0.21619067344898737     
          63  0.20831948881080467     
          64  0.20061036325624471     
          65  0.19306061873869906     
          66  0.18566743597500204     
          67  0.17842785828246274     
          68  0.17133879547254485     
          69  0.16439702779367429     
          70  0.15759920991594989     
          71  0.15094187495084660     
          72  0.14442143849933251     
          73  0.13803420272216996     
          74  0.13177636042653254     
          75  0.12564399916344454     
          76  0.11963310533093423     
          77  0.11373956827818615     
          78  0.10795918440637618     
          79  0.10228766126227820     
          80  9.67206216211373426E-002
          81  9.12536075557120602E-002
          82  8.58820844887927537E-002
          83  8.06014452269073617E-002
          84  7.54070139733215156E-002
          85  7.02940503188303756E-002
          86  6.52577532092213780E-002
          87  6.02932648886572650E-002
          88  5.53956748185868084E-002
          89  5.05600235721357094E-002
          90  4.57813067042585134E-002
          91  4.10544785982445634E-002
          92  3.63744562894644449E-002
          93  3.17361232675173258E-002
          94  2.71343332581926409E-002
          95  2.25639139868904180E-002
          96  1.80196709253526328E-002
          97  1.34963910237418331E-002
          98  8.98884643026267791E-003
          99  4.49179820065564051E-003
         100   0.0000000000000000     

           1   1.0000000000000000     
           2  0.98538652524931702     
           3  0.97077774070209344     
           4  0.95617833124804519     
           5  0.94159297115714136     
           6  0.92702631878906416     
           7  0.91248301132581922     
           8  0.89796765953513469     
           9  0.88348484257220927     
          10  0.86903910282729613     
          11  0.85463494082649449     
          12  0.84027681019300704     
          13  0.82596911267598871     
          14  0.81171619325395183     
          15  0.79752233531954020     
          16  0.78339175595229316     
          17  0.76932860128583247     
          18  0.75533694197569590     
          19  0.74142076877382290     
          20  0.72758398821546222     
          21  0.71383041842403461     
          22  0.70016378503922572     
          23  0.68658771727332091     
          24  0.67310574410052881     
          25  0.65972129058375228     
          26  0.64643767434298616     
          27  0.63325810216922584     
          28  0.62018566678747367     
          29  0.60722334377212572     
          30  0.59437398861772339     
          31  0.58164033396773807     
          32  0.56902498700375348     
          33  0.55653042699710087     
          34  0.54415900302468645     
          35  0.53191293185045274     
          36  0.51979429597359927     
          37  0.50780504184439235     
          38  0.49594697824808964     
          39  0.48422177485721446     
          40  0.47263096095212215     
          41  0.46117592430952170     
          42  0.44985791025833632     
          43  0.43867802090202201     
          44  0.42763721450619951     
          45  0.41673630505020831     
          46  0.40597596194094682     
          47  0.39535670988713323     
          48  0.38487892893190045     
          49  0.37454285464142978     
          50  0.36434857844712826     
          51  0.35429604813867122     
          52  0.34438506850505357     
          53  0.33461530212063567     
          54  0.32498627027301769     
          55  0.31549735402944140     
          56  0.30614779543829385     
          57  0.29693669886217788     
          58  0.28786303243891581     
          59  0.27892562966676743     
          60  0.27012319111007338     
          61  0.26145428622147249     
          62  0.25291735527679665     
          63  0.24451071141871147     
          64  0.23623254280514752     
          65  0.22808091485855528     
          66  0.22005377261201736     
          67  0.21214894314826138     
          68  0.20436413812763776     
          69  0.19669695640115736     
          70  0.18914488670472385     
          71  0.18170531043074434     
          72  0.17437550447335837     
          73  0.16715264414359030     
          74  0.16003380615080182     
          75  0.15301597164689798     
          76  0.14609602932982493     
          77  0.13927077860298528     
          78  0.13253693278728987     
          79  0.12589112238266165     
          80  0.11932989837590648     
          81  0.11284973559196654     
          82  0.10644703608567738     
          83  0.10011813257125113     
          84  9.38592918868145498E-002
          85  8.76667184914336206E-002
          86  8.15365579921591421E-002
          87  7.54649006987287985E-002
          88  6.94477852036595039E-002
          89  6.34812019855593435E-002
          90  5.75610970335805397E-002
          91  5.16833754910223861E-002
          92  4.58439053161764642E-002
          93  4.00385209585842686E-002
          94  3.42630270489500954E-002
          95  2.85132021010182472E-002
          96  2.27848022237836061E-002
          97  1.70735648424582796E-002
          98  1.13752124266628396E-002
          99  5.68545622435003267E-003
         100   0.0000000000000000     

           1   1.0000000000000000     
           2  0.98641049366800770     
           3  0.97282455350382835     
           4  0.95924574186871681     
           5  0.94567761351551438     
           6  0.93212371179618958     
           7  0.91858756488345472     
           8  0.90507268201111002     
           9  0.89158254973773476     
          10  0.87812062823830872     
          11  0.86469034762829056     
          12  0.85129510432463051     
          13  0.83793825744812733     
          14  0.82462312527146608     
          15  0.81135298171720061     
          16  0.79813105290985276     
          17  0.78496051378620768     
          18  0.77184448476779299     
          19  0.75878602849941335     
          20  0.74578814665750714     
          21  0.73285377683197517     
          22  0.71998578948500380     
          23  0.70718698499028099     
          24  0.69446009075587067     
          25  0.68180775843387120     
          26  0.66923256121984698     
          27  0.65673699124487306     
          28  0.64432345706288796     
          29  0.63199428123589563     
          30  0.61975169801940677     
          31  0.60759785115035170     
          32  0.59553479173953994     
          33  0.58356447627058239     
          34  0.57168876470703134     
          35  0.55990941870933164     
          36  0.54822809996301902     
          37  0.53664636861943249     
          38  0.52516568185005530     
          39  0.51378739251543293     
          40  0.50251274794945822     
          41  0.49134288885965888     
          42  0.48027884834396367     
          43  0.46932155102427003     
          44  0.45847181229698597     
          45  0.44773033770056780     
          46  0.43709772239993211     
          47  0.42657445078747441     
          48  0.41616089620029018     
          49  0.40585732075305642     
          50  0.39566387528590219     
          51  0.38558059942646589     
          52  0.37560742176521594     
          53  0.36574416014299210     
          54  0.35599052204960852     
          55  0.34634610513225167     
          56  0.33681039781229954     
          57  0.32738278000908988     
          58  0.31806252396906781     
          59  0.30884879519865460     
          60  0.29974065349909307     
          61  0.29073705410144424     
          62  0.28183684889983573     
          63  0.27303878778098994     
          64  0.26434152004799649     
          65  0.25574359593623147     
          66  0.24724346821927004     
          67  0.23883949390258855     
          68  0.23052993600280378     
          69  0.22231296541015774     
          70  0.21418666283191509     
          71  0.20614902081430869     
          72  0.19819794584063874     
          73  0.19033126050310406     
          74  0.18254670574592344     
          75  0.17484194317728466     
          76  0.16721455744764432     
          77  0.15966205869188890     
          78  0.15218188503285815     
          79  0.14477140514372513     
          80  0.13742792086672223     
          81  0.13014866988570145     
          82  0.12293082845001635     
          83  0.11577151414721483     
          84  0.10866778872203571     
          85  0.10161666093920606     
          86  9.46150894875428944E-002
          87  8.76599859228686662E-002
          88  8.07482176472585772E-002
          89  7.38766109221449391E-002
          90  6.70419539128130904E-002
          91  6.02409997618315804E-002
          92  5.34704696889681530E-002
          93  4.67270561151518146E-002
          94  4.00074258080495154E-002
          95  3.33082230468337293E-002
          96  2.66260728037248651E-002
          97  1.99575839398987050E-002
          98  1.32993524133554111E-002
          99  6.64796449635145052E-003
         100   0.0000000000000000     

           1   1.0000000000000000     
           2  0.98719396666174108     
           3  0.97439067663496437     
           4  0.96159287039000685     
           5  0.94880328271809344     
           6  0.93602463989972384     
           7  0.92325965688257461     
           8  0.91051103447207238     
           9  0.89778145653776809     
          10  0.88507358723862761     
          11  0.87239006827032017     
          12  0.85973351613756099     
          13  0.84710651945452697     
          14  0.83451163627632541     
          15  0.82195139146445140     
          16  0.80942827408912488     
          17  0.79694473487134654     
          18  0.78450318366745309     
          19  0.77210598699890054     
          20  0.75975546562993601     
          21  0.74745389219575942     
          22  0.73520348888369991     
          23  0.72300642516986746     
          24  0.71086481561366344     
          25  0.69878071771245143     
          26  0.68675612981861800     
          27  0.67479298912116259     
          28  0.66289316969387457     
          29  0.65105848061206983     
          30  0.63929066413976543     
          31  0.62759139398908281     
          32  0.61596227365357781     
          33  0.60440483481710006     
          34  0.59292053583968940     
          35  0.58151076032192039     
          36  0.57017681574900780     
          37  0.55891993221588976     
          38  0.54774126123440325     
          39  0.53664187462356772     
          40  0.52562276348389703     
          41  0.51468483725655345     
          42  0.50382892286806202     
          43  0.49305576396120454     
          44  0.48236602021260910     
          45  0.47176026673745713     
          46  0.46123899358162884     
          47  0.45080260530151034     
          48  0.44045142063159326     
          49  0.43018567223989701     
          50  0.42000550657115421     
          51  0.40991098377760371     
          52  0.39990207773714820     
          53  0.38997867615853804     
          54  0.38014058077316021     
          55  0.37038750761292077     
          56  0.36071908737362768     
          57  0.35113486586319387     
          58  0.34163430453390403     
          59  0.33221678109790653     
          60  0.32288159022501606     
          61  0.31362794432183733     
          62  0.30445497439114866     
          63  0.29536173097041279     
          64  0.28634718514821378     
          65  0.27741022965735374     
          66  0.26854968004327956     
          67  0.25976427590644685     
          68  0.25105268221717048     
          69  0.24241349070145396     
          70  0.23384522129623450     
          71  0.22534632367242910     
          72  0.21691517882411585     
          73  0.20855010072213753     
          74  0.20024933803036807     
          75  0.19201107588283892     
          76  0.18383343771988153     
          77  0.17571448718140129     
          78  0.16765223005536189     
          79  0.15964461627952362     
          80  0.15168954199444484     
          81  0.14378485164572510     
          82  0.13592834013343780     
          83  0.12811775500667344     
          84  0.12035079870108725     
          85  0.11262513081732083     
          86  0.10493837043814525     
          87  9.72880984821505868E-002
          88  8.96718600917882913E-002
          89  8.20871670535540110E-002
          90  7.45315002480819028E-002
          91  6.70023121279061801E-002
          92  5.94970292206314852E-002
          93  5.20130546552414752E-002
          94  4.45477707092629682E-002
          95  3.70985413744935946E-002
          96  2.96627149389913983E-002
          97  2.22376265830176063E-002
          98  1.48206009866167915E-002
          99  7.40895494651350271E-003
         100   0.0000000000000000     

           1   1.0000000000000000     
           2  0.98779849100956518     
           3  0.97559910420622431     
           4  0.96340395961136605     
           5  0.95121517291726454     
           6  0.93903485332826142     
           7  0.92686510140882716     
           8  0.91470800694078269     
           9  0.90256564679194839     
          10  0.89044008279847819     
          11  0.87833335966311599     
          12  0.86624750287159347     
          13  0.85418451662936978     
          14  0.84214638182088242     
          15  0.83013505399345944     
          16  0.81815246136800612     
          17  0.80620050287855316     
          18  0.79428104624271634     
          19  0.78239592606507824     
          20  0.77054694197547002     
          21  0.75873585680408240     
          22  0.74696439479529830     
          23  0.73523423986208702     
          24  0.72354703388275843     
          25  0.71190437504182202     
          26  0.70030781621664506     
          27  0.68875886341155113     
          28  0.67725897424094572     
          29  0.66580955646299600     
          30  0.65441196656533840     
          31  0.64306750840422255     
          32  0.63177743189844371     
          33  0.62054293177935060     
          34  0.60936514639815198     
          35  0.59824515659168309     
          36  0.58718398460772425     
          37  0.57618259309089936     
          38  0.56524188413011422     
          39  0.55436269836842733     
          40  0.54354581417617320     
          41  0.53279194688809584     
          42  0.52210174810517351     
          43  0.51147580506175028     
          44  0.50091464005851705     
          45  0.49041870996181547     
          46  0.47998840576966911     
          47  0.46962405224487003     
          48  0.45932590761538689     
          49  0.44909416334228197     
          50  0.43892894395526127     
          51  0.42883030695590718     
          52  0.41879824278857691     
          53  0.40883267487887964     
          54  0.39893345973957778     
          55  0.38910038714368911     
          56  0.37933318036450098     
          57  0.36963149648214078     
          58  0.35999492675628042     
          59  0.35042299706449115     
          60  0.34091516840569713     
          61  0.33147083746811778     
          62  0.32208933726102490     
          63  0.31276993780958035     
          64  0.30351184691196159     
          65  0.29431421095792326     
          66  0.28517611580788738     
          67  0.27609658773159668     
          68  0.26707459440531445     
          69  0.25810904596649809     
          70  0.24919879612482373     
          71  0.24034264332838828     
          72  0.23153933198386634     
          73  0.22278755372935183     
          74  0.21408594875856854     
          75  0.20543310719508881     
          76  0.19682757051515559     
          77  0.18826783301766428     
          78  0.17975234333981599     
          79  0.17127950601692091     
          80  0.16284768308478775     
          81  0.15445519572310445     
          82  0.14610032593817757     
          83  0.13778131828336815     
          84  0.12949638161552907     
          85  0.12124369088572035     
          86  0.11302138896245109     
          87  0.10482758848566991     
          88  9.66603737497018639E-002
          89  8.85178026133060653E-002
          90  8.03979084350065071E-002
          91  7.22987020318294621E-002
          92  6.42181736595613673E-002
          93  5.61542950126247414E-002
          94  4.81050212416537851E-002
          95  4.00682929868383594E-002
          96  3.20420384250917276E-002
          97  2.40241753290874674E-002
          98  1.60126131362011807E-002
          99  8.00525502538545521E-003
         100   0.0000000000000000     

           1   1.0000000000000000     
           2  0.98826681846097431     
           3  0.97653528300035886     
           4  0.96480703802855150     
           5  0.95308372462164925     
           6  0.94136697885859899     
           7  0.92965843016350902     
           8  0.91795969965482938     
           9  0.90627239850310282     
          10  0.89459812629898328     
          11  0.88293846943320120     
          12  0.87129499949014566     
          13  0.85966927165671780     
          14  0.84806282314809167     
          15  0.83647717165200286     
          16  0.82491381379316064     
          17  0.81337422361936096     
          18  0.80185985111085345     
          19  0.79037212071448659     
          20  0.77891242990413345     
          21  0.76748214776886559     
          22  0.75608261363031959     
          23  0.74471513569066039     
          24  0.73338098971252008     
          25  0.72208141773225187     
          26  0.71081762680780225     
          27  0.69959078780246986     
          28  0.68840203420577728     
          29  0.67725246099264702     
          30  0.66614312352202310     
          31  0.65507503647604848     
          32  0.64404917284085439     
          33  0.63306646292998003     
          34  0.62212779345139335     
          35  0.61123400661903615     
          36  0.60038589930977171     
          37  0.58958422226656215     
          38  0.57882967934865770     
          39  0.56812292682952548     
          40  0.55746457274320016     
          41  0.54685517627968494     
          42  0.53629524722998090     
          43  0.52578524548127070     
          44  0.51532558056273126     
          45  0.50491661124239695     
          46  0.49455864517544107     
          47  0.48425193860419352     
          48  0.47399669611015433     
          49  0.46379307041821505     
          50  0.45364116225324258     
          51  0.44354102024912861     
          52  0.43349264091035311     
          53  0.42349596862606026     
          54  0.41355089573658765     
          55  0.40365726265234148     
          56  0.39381485802485378     
          57  0.38402341896981007     
          58  0.37428263134177969     
          59  0.36459213006033347     
          60  0.35495149948717858     
          61  0.34536027385389562     
          62  0.33581793773980734     
          63  0.32632392659946341     
          64  0.31687762733917585     
          65  0.30747837894199126     
          66  0.29812547314044102     
          67  0.28881815513636194     
          68  0.27955562436703679     
          69  0.27033703531685771     
          70  0.26116149837367414     
          71  0.25202808072894101     
          72  0.24293580732074507     
          73  0.23388366181874337     
          74  0.22487058765001028     
          75  0.21589548906474956     
          76  0.20695723224079107     
          77  0.19805464642575596     
          78  0.18918652511573744     
          79  0.18035162726931106     
          80  0.17154867855565603     
          81  0.16277637263553632     
          82  0.15403337247386076     
          83  0.14531831168251158     
          84  0.13662979589210328     
          85  0.12796640415130695     
          86  0.11932669035235020     
          87  0.11070918468127815     
          88  0.10211239509153891     
          89  9.35348087994357230E-002
          90  8.49748937999676018E-002
          91  7.64311004015617995E-002
          92  6.79018627781849127E-002
          93  5.93856005373027129E-002
          94  5.08807203021451812E-002
          95  4.23856173067198375E-002
          96  3.38986770020052799E-002
          97  2.54182766717464016E-002
          98  1.69427870562643829E-002
          99  8.47057398268710564E-003
         100   0.0000000000000000     

