           1   1.0000000000000000     
           2  0.91960762786270234     
           3  0.84003763452616420     
           4  0.76208690130208201     
           5  0.68650264578827491     
           6  0.61396081983964590     
           7  0.54504811743860915     
           8  0.48024837980202945     
           9  0.41993387955180123     
          10  0.36436164060870024     
          11  0.31367463357684522     
          12  0.26790740321254175     
          13  0.22699545560581946     
          14  0.19078757176364119     
          15  0.15906012770132744     
          16  0.13153248787049054     
          17  0.10788259125830281     
          18  8.77619553245967549E-002
          19  7.08094665768772141E-002
          20  5.66634913869607862E-002
          21  4.49720106755990279E-002
          22  3.54006435005510614E-002
          23  2.76385666398243565E-002
          24  2.14024527969036739E-002
          25  1.64386354872503269E-002
          26  1.25237636401404184E-002
          27  9.46423571755927728E-003
          28  7.09470581092951341E-003
          29  5.27593789319627179E-003
          30  3.89225470058198776E-003
          31  2.84878989265762838E-003
          32  2.06871084544309105E-003
          33  1.49053842973226693E-003
          34  1.06565218113920720E-003
          35  7.56036172975635087E-004
          36  5.32293588792232507E-004
          37  3.71936686946885563E-004
          38  2.57943262343780387E-004
          39  1.77560203394426194E-004
          40  1.21328489472928444E-004
          41  8.23010868964658905E-005
          42  5.54248204242342694E-005
          43  3.70586530533978137E-005
          44  2.46032530480734838E-005
          45  1.62197514318610384E-005
          46  1.06188133426501920E-005
          47  6.90429630649884317E-006
          48  4.45867792104886960E-006
          49  2.86001087009965256E-006
          50  1.82236698755792610E-006
          51  1.15356539952686975E-006
          52  7.25468282881336735E-007
          53  4.53310717246138968E-007
          54  2.81453273904636995E-007
          55  1.73652349991972217E-007
          56  1.06475623786577455E-007
          57  6.48852286868104133E-008
          58  3.93005257522152319E-008
          59  2.36612834920873742E-008
          60  1.41610668286718667E-008
          61  8.42561199208008896E-009
          62  4.98407501204058501E-009
          63  2.93139856913547639E-009
          64  1.71435848281661380E-009
          65  9.96997050845026270E-010
          66  5.76607483030562786E-010
          67  3.31657060406355479E-010
          68  1.89735629204706793E-010
          69  1.07965996534978304E-010
          70  6.11126391679466038E-011
          71  3.44118620317144370E-011
          72  1.92772568612980900E-011
          73  1.07440676621449523E-011
          74  5.95805984642137925E-012
          75  3.28760380321185590E-012
          76  1.80516999826880556E-012
          77  9.86383879125006229E-013
          78  5.36398963224021056E-013
          79  2.90314382321569829E-013
          80  1.56391108607238322E-013
          81  8.38575853049191453E-014
          82  4.47592720620836074E-014
          83  2.37824889543770758E-014
          84  1.25802177809949385E-014
          85  6.62518797857274498E-015
          86  3.47383950373306074E-015
          87  1.81361370079374516E-015
          88  9.42811780203644152E-016
          89  4.88058334406411446E-016
          90  2.51597268345790665E-016
          91  1.29165863135123050E-016
          92  6.60412494444790782E-017
          93  3.36293771480764531E-017
          94  1.70544594381063140E-017
          95  8.61048496620630830E-018
          96  4.32148404928914235E-018
          97  2.14234604771943418E-018
          98  1.02077151930995780E-018
          99  4.07994720297383303E-019
         100   0.0000000000000000     

           1   1.0000000000000000     
           2  0.94336849926302402     
           3  0.88702337362970052     
           4  0.83124663172739544     
           5  0.77631166075897873     
           6  0.72247919060223842     
           7  0.66999357664559733     
           8  0.61907948975737048     
           9  0.56993908755057066     
          10  0.52274972456904989     
          11  0.47766224091667725     
          12  0.43479984996293974     
          13  0.39425762687837090     
          14  0.35610258164250758     
          15  0.32037428351773578     
          16  0.28708598938596264     
          17  0.25622621626808839     
          18  0.22776068911402797     
          19  0.20163458874016588     
          20  0.17777502163082548     
          21  0.15609363310161903     
          22  0.13648928781440411     
          23  0.11885074650442741     
          24  0.10305927462304508     
          25  8.89911269586163428E-002
          26  7.65198616966882295E-002
          27  6.55184473452695842E-002
          28  5.58611360351789141E-002
          29  4.74250865076828731E-002
          30  4.00917292798007169E-002
          31  3.37478747582607361E-002
          32  2.82865722558688186E-002
          33  2.36077338219620320E-002
          34  1.96185414741438663E-002
          35  1.62336598167005727E-002
          36  1.33752782104580355E-002
          37  1.09730077206187989E-002
          38  8.96365814612418155E-003
          39  7.29091967953155416E-003
          40  5.90497232349529184E-003
          41  4.76204426268092909E-003
          42  3.82393811537471307E-003
          43  3.05754151124555066E-003
          44  2.43433588744934246E-003
          45  1.92991487135141465E-003
          46  1.52352121026435921E-003
          47  1.19760898141680759E-003
          48  9.37435813659268785E-004
          49  7.30688102971026191E-004
          50  5.67140717884262609E-004
          51  4.38351466836636098E-004
          52  3.37389625434627867E-004
          53  2.58597078447920744E-004
          54  1.97380094868167179E-004
          55  1.50029397541658538E-004
          56  1.13565983708395924E-004
          57  8.56100716820732430E-005
          58  6.42705658633590924E-005
          59  4.80525235797152011E-005
          60  3.57802519597009123E-005
          61  2.65338432600433543E-005
          62  1.95971578914684160E-005
          63  1.44154738748873807E-005
          64  1.05612303345720072E-005
          65  7.70649402671909367E-006
          66  5.60096700285935958E-006
          67  4.05452723606079749E-006
          68  2.92345070831305148E-006
          69  2.09960247562157942E-006
          70  1.50200581805603812E-006
          71  1.07030355455027593E-006
          72  7.59715154316346715E-007
          73  5.37168835957028164E-007
          74  3.78350945604149886E-007
          75  2.65467093808803436E-007
          76  1.85552301330778039E-007
          77  1.29202152378265449E-007
          78  8.96249512272604000E-008
          79  6.19372570893991658E-008
          80  4.26429234905378683E-008
          81  2.92497453941202203E-008
          82  1.99887439330487480E-008
          83  1.36096015556392727E-008
          84  9.23230192843574787E-009
          85  6.24004040285693751E-009
          86  4.20228566221829665E-009
          87  2.81975899539616116E-009
          88  1.88526744081907860E-009
          89  1.25594875952206564E-009
          90  8.33691199104015655E-010
          91  5.51381247975476483E-010
          92  3.63286561833375335E-010
          93  2.38358988343374617E-010
          94  1.55589670478875800E-010
          95  1.00798897408227740E-010
          96  6.44233740195802358E-011
          97  3.99919655852745562E-011
          98  2.30717860762397034E-011
          99  1.05299744202752804E-011
         100   0.0000000000000000     

           1   1.0000000000000000     
           2  0.95381859640571376     
           3  0.90779229309135856     
           4  0.86207462236436394     
           5  0.81681600709516489     
           6  0.77216227163920259     
           7  0.72825322978413720     
           8  0.68522137254884807     
           9  0.64319067633124516     
          10  0.60227554912507886     
          11  0.56257992938439338     
          12  0.52419654870015009     
          13  0.48720636586514304     
          14  0.45167817624166634     
          15  0.41766839671177380     
          16  0.38522102297858118     
          17  0.35436775268793913     
          18  0.32512826483209956     
          19  0.29751064324774601     
          20  0.27151192978320310     
          21  0.24711879092208597     
          22  0.22430828033600275     
          23  0.20304867900472701     
          24  0.18330039418136362     
          25  0.16501689857172064     
          26  0.14814569160862542     
          27  0.13262926559043323     
          28  0.11840606066758726     
          29  0.10541139414519358     
          30  9.35783512630939118E-002
          31  8.28386264565638686E-002
          32  7.31233060301192672E-002
          33  6.43635851363186379E-002
          34  5.64914138876337832E-002
          35  4.94400692948347223E-002
          36  4.31446514789987426E-002
          37  3.75425042126347613E-002
          38  3.25735612826030460E-002
          39  2.81806214152799626E-002
          40  2.43095555519726378E-002
          41  2.09094511060825446E-002
          42  1.79326984753775849E-002
          43  1.53350255308473977E-002
          44  1.30754860704259714E-002
          45  1.11164083274062353E-002
          46  9.42330957831541936E-003
          47  7.96478272374790720E-003
          48  6.71236043938504365E-003
          49  5.64036213445367595E-003
          50  4.72572853185970754E-003
          51  3.94784821768384784E-003
          52  3.28838001553948206E-003
          53  2.73107453943560643E-003
          54  2.26159778109596716E-003
          55  1.86735910575776915E-003
          56  1.53734557366281112E-003
          57  1.26196407993450386E-003
          58  1.03289241843176937E-003
          59  8.42940028740471405E-004
          60  6.85918881301540197E-004
          61  5.56524693951954900E-004
          62  4.50228452853059684E-004
          63  3.63178029933851050E-004
          64  2.92109544897012580E-004
          65  2.34268009323910988E-004
          66  1.87336709951570321E-004
          67  1.49374734103671836E-004
          68  1.18762008845986930E-004
          69  9.41512131081557563E-005
          70  7.44259253574148730E-005
          71  5.86643852652080072E-005
          72  4.61082733085626371E-005
          73  3.61359448488963057E-005
          74  2.82395927160407940E-005
          75  2.20058528068438707E-005
          76  1.70994091126681914E-005
          77  1.32491966399958493E-005
          78  1.02368418738806446E-005
          79  7.88701998644723966E-006
          80  6.05944535376842283E-006
          81  4.64224673626918571E-006
          82  3.54651047333806528E-006
          83  2.70180413864009993E-006
          84  2.05251929366412872E-006
          85  1.55489533410664287E-006
          86  1.17460707376822254E-006
          87  8.84816819988054622E-007
          88  6.64607454704466287E-007
          89  4.97726651037411035E-007
          90  3.71584036232734239E-007
          91  2.76453064470486265E-007
          92  2.04837785826753534E-007
          93  1.50971776972633525E-007
          94  1.10422406761450867E-007
          95  7.97785012633005811E-008
          96  5.64034866228521467E-008
          97  3.82393456959722675E-008
          98  2.36493300978741159E-008
          99  1.12894108442908810E-008
         100   0.0000000000000000     

           1   1.0000000000000000     
           2  0.96003079871852348     
           3  0.92016208532733412     
           4  0.88049358788845700     
           5  0.84112352440716431     
           6  0.80214787163279699     
           7  0.76365966198187440     
           8  0.72574831718124044     
           9  0.68849902658633400     
          10  0.65199217735409121     
          11  0.61630284275882463     
          12  0.58150033395240575     
          13  0.54764781940879426     
          14  0.51480201518022173     
          15  0.48301294795168331     
          16  0.45232379173536297     
          17  0.42277077792026357     
          18  0.39438317730655670     
          19  0.36718335172934191     
          20  0.34118687193086700     
          21  0.31640269748961819     
          22  0.29283341387210693     
          23  0.27047552104875239     
          24  0.24931976761600605     
          25  0.22935152399667352     
          26  0.21055118805009271     
          27  0.19289461631132751     
          28  0.17635357408899655     
          29  0.16089619777751085     
          30  0.14648746297192181     
          31  0.13308965230110131     
          32  0.12066281730502232     
          33  0.10916522916091752     
          34  9.85538135969290796E-002
          35  8.87845659061674702E-002
          36  7.98129425746964549E-002
          37  7.15942266501627955E-002
          38  6.40838645907021859E-002
          39  5.72377729345229999E-002
          40  5.10126137085924816E-002
          41  4.53660380409142833E-002
          42  4.02568979472840913E-002
          43  3.56454267239818545E-002
          44  3.14933887880079200E-002
          45  2.77642001631229381E-002
          46  2.44230211114855496E-002
          47  2.14368226568265492E-002
          48  1.87744289368010665E-002
          49  1.64065374614416407E-002
          50  1.43057194444268353E-002
          51  1.24464024178578582E-002
          52  1.08048373436502830E-002
          53  9.35905240015995864E-003
          54  8.08879555618421259E-003
          55  6.97546795103122074E-003
          56  6.00204998392674886E-003
          57  5.15302188348362375E-003
          58  4.41428038291331436E-003
          59  3.77305297341309909E-003
          60  3.21781105064139440E-003
          61  2.73818311090263033E-003
          62  2.32486899765909933E-003
          63  1.96955604786914215E-003
          64  1.66483784356021968E-003
          65  1.40413613867930941E-003
          66  1.18162640589766668E-003
          67  9.92167333567389818E-004
          68  8.31234499963303102E-004
          69  6.94858360510045231E-004
          70  5.79566603831947118E-004
          71  4.82330863882490281E-004
          72  4.00517717631991891E-004
          73  3.31843850189035398E-004
          74  2.74335231064408934E-004
          75  2.26290115740727878E-004
          76  1.86245664925710171E-004
          77  1.52947958962841601E-004
          78  1.25325175974967695E-004
          79  1.02463698572712627E-004
          80  8.35869145578456831E-005
          81  6.80364812294670661E-005
          82  5.52558299545918537E-005
          83  4.47756969549517156E-005
          84  3.62014772161517689E-005
          85  2.92022105388388443E-005
          86  2.35010215857444469E-005
          87  1.88668489585145228E-005
          88  1.51073115491257306E-005
          89  1.20625733925993372E-005
          90  9.60008079082058665E-006
          91  7.61005741616567784E-006
          92  6.00165431175185824E-006
          93  4.69966208909848970E-006
          94  3.64170211827609935E-006
          95  2.77582206738899720E-006
          96  2.05842875261176337E-006
          97  1.45249789575379405E-006
          98  9.26006052021340086E-007
          99  4.50534671259991841E-007
         100   0.0000000000000000     

           1   1.0000000000000000     
           2  0.96426389576077010     
           3  0.92859958664506803     
           4  0.89307843418900745     
           5  0.85777093712689678     
           6  0.82274631086101757     
           7  0.78807207980411109     
           8  0.75381368660197490     
           9  0.72003412200722128     
          10  0.68679357888791559     
          11  0.65414913352167492     
          12  0.62215445695276672     
          13  0.59085955878337948     
          14  0.56031056533760726     
          15  0.53054953368522229     
          16  0.50161430254961648     
          17  0.47353838065803450     
          18  0.44635087262993939     
          19  0.42007644204832706     
          20  0.39473531092591158     
          21  0.37034329436969399     
          22  0.34691186886921593     
          23  0.32444827229075585     
          24  0.30295563335604059     
          25  0.28243312812301996     
          26  0.26287616077031628     
          27  0.24427656581763352     
          28  0.22662282879231524     
          29  0.20990032227712660     
          30  0.19409155424514118     
          31  0.17917642560249952     
          32  0.16513249391625673     
          33  0.15193524039942652     
          34  0.13955833735502604     
          35  0.12797391344138970     
          36  0.11715281430790520     
          37  0.10706485635907850     
          38  9.76790716308141432E-002
          39  8.89639420013426108E-002
          40  8.08876212057796362E-002
          41  7.34181433734663880E-002
          42  6.65236170568682394E-002
          43  6.01724039660628818E-002
          44  5.43332818602463505E-002
          45  4.89755912741512908E-002
          46  4.40693659701555732E-002
          47  3.95854472039618571E-002
          48  3.54955820713022327E-002
          49  3.17725063638696764E-002
          50  2.83900125037409683E-002
          51  2.53230032464895824E-002
          52  2.25475319439368931E-002
          53  2.00408302383540890E-002
          54  1.77813241215195733E-002
          55  1.57486393352466933E-002
          56  1.39235971159433723E-002
          57  1.22882012957568204E-002
          58  1.08256177683427948E-002
          59  9.52014730983300438E-003
          60  8.35719271676901333E-003
          61  7.32322118426504028E-003
          62  6.40572280108316072E-003
          63  5.59316598524176468E-003
          64  4.87495062575524999E-003
          65  4.24135963455651594E-003
          66  3.68350954891638344E-003
          67  3.19330075996055894E-003
          68  2.76336787828351934E-003
          69  2.38703068412591786E-003
          70  2.05824604793948280E-003
          71  1.77156114809945398E-003
          72  1.52206825659781733E-003
          73  1.30536131119548811E-003
          74  1.11749444404612920E-003
          75  9.54942592438916466E-004
          76  8.14564277155317511E-004
          77  6.93566598021984858E-004
          78  5.89472464518621766E-004
          79  5.00090051651775323E-004
          80  4.23484447564752579E-004
          81  3.57951439308469229E-004
          82  3.01993366602633037E-004
          83  2.54296960001200434E-004
          84  2.13713069354148975E-004
          85  1.79238180533899971E-004
          86  1.49997612771250835E-004
          87  1.25230285327455990E-004
          88  1.04274940328684843E-004
          89  8.65577081303854976E-005
          90  7.15809023002416734E-005
          91  5.89129329640756657E-005
          92  4.81792296219097033E-005
          93  3.90540674031824236E-005
          94  3.12531939021036296E-005
          95  2.45271570472519636E-005
          96  1.86552377641637754E-005
          97  1.34398943552344475E-005
          98  8.70162843559270174E-006
          99  4.27418483230775218E-006
         100   0.0000000000000000     

           1   1.0000000000000000     
           2  0.96738572008925361     
           3  0.93482600183199527     
           4  0.90237513258841162     
           5  0.87008685343416226     
           6  0.83801409174620956     
           7  0.80620870058690830     
           8  0.77472120702790825     
           9  0.74360057145110603     
          10  0.71289395973647052     
          11  0.68264653009794440     
          12  0.65290123616102769     
          13  0.62369864769152283     
          14  0.59507679018696202     
          15  0.56707100433329960     
          16  0.53971382611251228     
          17  0.51303488812484255     
          18  0.48706084246561865     
          19  0.46181530527388936     
          20  0.43731882285148133     
          21  0.41358885903930687     
          22  0.39063980333546056     
          23  0.36848299904925036     
          24  0.34712679060898499     
          25  0.32657658898096137     
          26  0.30683495401426436     
          27  0.28790169240196900     
          28  0.26977396984507451     
          29  0.25244643592161486     
          30  0.23591136010017630     
          31  0.22015877729447580     
          32  0.20517664133338748     
          33  0.19095098471822569     
          34  0.17746608305532338     
          35  0.16470462258586388     
          36  0.15264786928521071     
          37  0.14127583806913283     
          38  0.13056746072270556     
          39  0.12050075125753097     
          40  0.11105296750245081     
          41  0.10220076784026282     
          42  9.39203621162341962E-002
          43  8.61876558615997379E-002
          44  7.89783870949497396E-002
          45  7.22682550847530969E-002
          46  6.60330405756173744E-002
          47  6.02487170977806588E-002
          48  5.48915530924142386E-002
          49  4.99382046933932455E-002
          50  4.53657991082288270E-002
          51  4.11520086359744575E-002
          52  3.72751154474124727E-002
          53  3.37140673321507031E-002
          54  3.04485246880295268E-002
          55  2.74588990902272893E-002
          56  2.47263838305731114E-002
          57  2.22329768618820117E-002
          58  1.99614966177913793E-002
          59  1.78955912058848532E-002
          60  1.60197414912181466E-002
          61  1.43192585991727128E-002
          62  1.27802763713838075E-002
          63  1.13897393068991722E-002
          64  1.01353865133399466E-002
          65  9.00573218029814167E-003
          66  7.99004307016840630E-003
          67  7.07831350072963151E-003
          68  6.26123826970721113E-003
          69  5.53018394488368880E-003
          70  4.87715891468013148E-003
          71  4.29478256406502258E-003
          72  3.77625390968426219E-003
          73  3.31531999672349947E-003
          74  2.90624432864434144E-003
          75  2.54377556996228209E-003
          76  2.22311673199014452E-003
          77  1.93989502224106367E-003
          78  1.69013251020580187E-003
          79  1.47021773568016935E-003
          80  1.27687836086505199E-003
          81  1.10715494419803481E-003
          82  9.58375892367723361E-004
          83  8.28133627240786431E-004
          84  7.14261986497548469E-004
          85  6.14814860597633506E-004
          86  5.28046054232166290E-004
          87  4.52390347593321961E-004
          88  3.86445721519524646E-004
          89  3.28956700756928382E-004
          90  2.78798761107475516E-004
          91  2.34963738997435599E-004
          92  1.96546175881487920E-004
          93  1.62730524779336016E-004
          94  1.32779142009833225E-004
          95  1.06020983731091898E-004
          96  8.18409241096111964E-005
          97  5.96696097303651906E-005
          98  3.89737631355181920E-005
          99  1.92468470648174975E-005
         100   0.0000000000000000     

           1   1.0000000000000000     
           2  0.96981044462494526     
           3  0.93966415620851196     
           4  0.90960421541491931     
           5  0.87967333165838257     
           6  0.84991366081161812     
           7  0.82036662687696638     
           8  0.79107274887886536     
           9  0.76207147418419163     
          10  0.73340101939297531     
          11  0.70509821986703847     
          12  0.67719838887913075     
          13  0.64973518727124846     
          14  0.62274050440916884     
          15  0.59624435111210583     
          16  0.57027476512310615     
          17  0.54485772956874834     
          18  0.52001710473726614     
          19  0.49577457338382325     
          20  0.47214959965168940     
          21  0.44915940157988143     
          22  0.42681893705273566     
          23  0.40514090293610522     
          24  0.38413574703957637     
          25  0.36381169244532074     
          26  0.34417477365287585     
          27  0.32522888390608917     
          28  0.30697583299435621     
          29  0.28941541475566573     
          30  0.27254548345425278     
          31  0.25636203816110992     
          32  0.24085931423134979     
          33  0.22602988094843576     
          34  0.21186474439146497     
          35  0.19835345457773457     
          36  0.18548421593837278     
          37  0.17324400019938752     
          38  0.16161866076350562     
          39  0.15059304771898974     
          40  0.14015112263950513     
          41  0.13027607238329150     
          42  0.12095042114955611     
          43  0.11215614010430365     
          44  0.10387475394589726     
          45  9.60874438416454285E-002
          46  8.87751462297845795E-002
          47  8.19186470455547655E-002
          48  7.54986709948489432E-002
          49  6.94959655634101864E-002
          50  6.38913795130501977E-002
          51  5.86659356782250410E-002
          52  5.38008979359455297E-002
          53  4.92778322789035189E-002
          54  4.50786619754125067E-002
          55  4.11857168499128179E-002
          56  3.75817767640704015E-002
          57  3.42501094206657461E-002
          58  3.11745026503548704E-002
          59  2.83392913748844628E-002
          60  2.57293794694142541E-002
          61  2.33302567712577943E-002
          62  2.11280115026660949E-002
          63  1.91093383913642778E-002
          64  1.72615427845681894E-002
          65  1.55725410603522740E-002
          66  1.40308576447394188E-002
          67  1.26256189439904187E-002
          68  1.13465444995575464E-002
          69  1.01839356683204822E-002
          70  9.12866212333870129E-003
          71  8.17214646073268804E-003
          72  7.30634718674584051E-003
          73  6.52374034583523728E-003
          74  5.81730003607871648E-003
          75  5.18047804254409463E-003
          76  4.60718280280486472E-003
          77  4.09175790175112745E-003
          78  3.62896027546204822E-003
          79  3.21393828638509441E-003
          80  2.84220981459597146E-003
          81  2.50964049265913272E-003
          82  2.21242219471927013E-003
          83  1.94705187405617725E-003
          84  1.71031082753599528E-003
          85  1.49924445027962852E-003
          86  1.31114252951455954E-003
          87  1.14352011303373610E-003
          88  9.94098974993621763E-004
          89  8.60789689968563011E-004
          90  7.41674315253921059E-004
          91  6.34989671379320277E-004
          92  5.39111201650613954E-004
          93  4.52537383272528387E-004
          94  3.73874655195817961E-004
          95  3.01822821261738612E-004
          96  2.35160881458953535E-004
          97  1.72733239138844931E-004
          98  1.13436227830115237E-004
          99  5.62048978293431652E-005
         100   0.0000000000000000     

           1   1.0000000000000000     
           2  0.97176404411801587     
           3  0.94356348269640911     
           4  0.91543357692511051     
           5  0.88740932229054359     
           6  0.85952531780996355     
           7  0.83181563774853706     
           8  0.80431370661271617     
           9  0.77705217818478134     
          10  0.75006281932820551     
          11  0.72337639925209407     
          12  0.69702258487587188     
          13  0.67102984288311662     
          14  0.64542534899658066     
          15  0.62023490494558930     
          16  0.59548286353284863     
          17  0.57119206214089935     
          18  0.54738376494973728     
          19  0.52407761406719666     
          20  0.50129158970328735     
          21  0.47904197944949456     
          22  0.45734335665478443     
          23  0.43620856782239537     
          24  0.41564872888604765     
          25  0.39567323016159589     
          26  0.37628974971091128     
          27  0.35750427479942715     
          28  0.33932113107774597     
          29  0.32174301907137659     
          30  0.30477105752136185     
          31  0.28840483308252185     
          32  0.27264245585546582     
          33  0.25748062020352741     
          34  0.24291467028641436     
          35  0.22893866972861748     
          36  0.21554547483241995     
          37  0.20272681074255697     
          38  0.19047334997200804     
          39  0.17877479270581934     
          40  0.16761994831197036     
          41  0.15699681750479338     
          42  0.14689267462696626     
          43  0.13729414954024333     
          44  0.12818730864245881     
          45  0.11955773455850389     
          46  0.11139060408550998     
          47  0.10367076400692615     
          48  9.63828044261202943E-002
          49  8.95111293071291642E-002
          50  8.30400239478127494E-002
          51  7.69537191485273192E-002
          52  7.12364518771368138E-002
          53  6.58725222683708422E-002
          54  6.08463468318778677E-002
          55  5.61425077785063856E-002
          56  5.17457984081018882E-002
          57  4.76412645341927135E-002
          58  4.38142419511424741E-002
          59  4.02503899774979482E-002
          60  3.69357211352168355E-002
          61  3.38566270481121812E-002
          62  3.09999006641230208E-002
          63  2.83527549248694354E-002
          64  2.59028380223582898E-002
          65  2.36382453966852181E-002
          66  2.15475286401656738E-002
          67  1.96197014825824391E-002
          68  1.78442430392388857E-002
          69  1.62110985083552435E-002
          70  1.47106775071515795E-002
          71  1.33338502368535658E-002
          72  1.20719416659713988E-002
          73  1.09167239186834901E-002
          74  9.86040705115506788E-003
          75  8.89562839329088341E-003
          76  8.01544062691636472E-003
          77  7.21329876385677898E-003
          78  6.48304617899160811E-003
          79  5.81889984424994230E-003
          80  5.21543489982547511E-003
          81  4.66756868876389355E-003
          82  4.17054437064127547E-003
          83  3.71991421943185978E-003
          84  3.31152269997123149E-003
          85  2.94148940676213031E-003
          86  2.60619193834116854E-003
          87  2.30224877011358207E-003
          88  2.02650217854874861E-003
          89  1.77600125998206705E-003
          90  1.54798507805134185E-003
          91  1.33986596506258126E-003
          92  1.14921299437860868E-003
          93  9.73735633294686752E-004
          94  8.11267578843071087E-004
          95  6.59750772582052549E-004
          96  5.17219584698697414E-004
          97  3.81785152707862893E-004
          98  2.51619855679050637E-004
          99  1.24941901279864104E-004
         100   0.0000000000000000     

           1   1.0000000000000000     
           2  0.97338166190638731     
           3  0.94679297384726013     
           4  0.92026348666553071     
           5  0.89382255337464278     
           6  0.86749923162369413     
           7  0.84132218780630652     
           8  0.81531960334114328     
           9  0.78951908363508538     
          10  0.76394757021927817     
          11  0.73863125652376938     
          12  0.71359550772850588     
          13  0.68886478509734872     
          14  0.66446257516775509     
          15  0.64041132413225643     
          16  0.61673237770913825     
          17  0.59344592675919561     
          18  0.57057095886347453     
          19  0.54812521603391262     
          20  0.52612515868515253     
          21  0.50458593595192369     
          22  0.48352136239266358     
          23  0.46294390107685640     
          24  0.44286465301129174     
          25  0.42329335281942387     
          26  0.40423837054859668     
          27  0.38570671944238732     
          28  0.36770406948000495     
          29  0.35023476645181389     
          30  0.33330185630985759     
          31  0.31690711450492765     
          32  0.30105107999742131     
          33  0.28573309360806826     
          34  0.27095134035668622     
          35  0.25670289542248803     
          36  0.24298377334813345     
          37  0.22978898010168647     
          38  0.21711256760584538     
          39  0.20494769034219698     
          40  0.19328666363968783     
          41  0.18212102326088353     
          42  0.17144158590673880     
          43  0.16123851027035460     
          44  0.15150135828235556     
          45  0.14221915620487310     
          46  0.13338045524744130     
          47  0.12497339139617276     
          48  0.11698574416714201     
          49  0.10940499401571796     
          50  0.10221837815541386     
          51  9.54129445624218586E-002
          52  8.89756039651269787E-002
          53  8.28931796413277522E-002
          54  7.71524548694016432E-002
          55  7.17402179030324633E-002
          56  6.66433043621669080E-002
          57  6.18486369554022003E-002
          58  5.73432624708580876E-002
          59  5.31143859936003687E-002
          60  4.91494023277242245E-002
          61  4.54359246201544095E-002
          62  4.19618102009751068E-002
          63  3.87151836715811382E-002
          64  3.56844572870787108E-002
          65  3.28583486931085522E-002
          66  3.02258960895852684E-002
          67  2.77764709047274294E-002
          68  2.54997880721915815E-002
          69  2.33859140121335067E-002
          70  2.14252724236261190E-002
          71  1.96086480011040919E-002
          72  1.79271881914279986E-002
          73  1.63724031108237016E-002
          74  1.49361637424217063E-002
          75  1.36106985354692289E-002
          76  1.23885885265937502E-002
          77  1.12627611018442254E-002
          78  1.02264825157119110E-002
          79  9.27334928002638767E-003
          80  8.39727853162439142E-003
          81  7.59249748309123382E-003
          82  6.85353205576711994E-003
          83  6.17519478868388746E-003
          84  5.55257211123879550E-003
          85  4.98101106130673967E-003
          86  4.45610552422261597E-003
          87  3.97368206171042505E-003
          88  3.52978539346999890E-003
          89  3.12066358782678906E-003
          90  2.74275301167135974E-003
          91  2.39266308392504677E-003
          92  2.06716087102397838E-003
          93  1.76315555746784790E-003
          94  1.47768281938043147E-003
          95  1.20788912431907605E-003
          96  9.51015976288759296E-004
          97  7.04384121096919449E-004
          98  4.65377723857514998E-004
          99  2.31428527641816897E-004
         100   0.0000000000000000     

           1   1.0000000000000000     
           2  0.97474973374415974     
           3  0.94952477467433571     
           4  0.92435035380726016     
           5  0.89925155020356051     
           6  0.87425321594317607     
           7  0.84937990223742188     
           8  0.82465578704413967     
           9  0.80010460454184329     
          10  0.77574957680579948     
          11  0.75161334801366253     
          12  0.72771792149078052     
          13  0.70408459988573546     
          14  0.68073392874525518     
          15  0.65768564373453775     
          16  0.63495862172444351     
          17  0.61257083594116524     
          18  0.59053931534709581     
          19  0.56888010839390246     
          20  0.54760825126053503     
          21  0.52673774066025159     
          22  0.50628151127199739     
          23  0.48625141782283954     
          24  0.46665822181986705     
          25  0.44751158290223941     
          26  0.42882005475710933     
          27  0.41059108551715695     
          28  0.39283102253264074     
          29  0.37554512138736196     
          30  0.35873755900591214     
          31  0.34241145067916368     
          32  0.32656887081628982     
          33  0.31121087721476665     
          34  0.29633753862489448     
          35  0.28194796537244293     
          36  0.26804034279211741     
          37  0.25461196721568169     
          38  0.24165928425176528     
          39  0.22917792908961168     
          40  0.21716276855625871     
          41  0.20560794465583357     
          42  0.19450691932072861     
          43  0.18385252010731959     
          44  0.17363698657350521     
          45  0.16385201708158012     
          46  0.15448881577768778     
          47  0.14553813950821259     
          48  0.13699034444383290     
          49  0.12883543219342630     
          50  0.12106309520246494     
          51  0.11366276124380804     
          52  0.10662363682275650     
          53  9.99347493327310959E-002
          54  9.35849878128331147E-002
          55  8.75631421737041032E-002
          56  8.18579407733872749E-002
          57  7.64580862401770672E-002
          58  7.13522894546042008E-002
          59  6.65293016176269209E-002
          60  6.19779443466771107E-002
          61  5.76871377553463544E-002
          62  5.36459264861016902E-002
          63  4.98435036784162164E-002
          64  4.62692328670151268E-002
          65  4.29126678165156622E-002
          66  3.97635703095296847E-002
          67  3.68119259152614037E-002
          68  3.40479577747415108E-002
          69  3.14621384470714568E-002
          70  2.90451998683991172E-002
          71  2.67881414818063844E-002
          72  2.46822366018677568E-002
          73  2.27190370823507383E-002
          74  2.08903763593952796E-002
          75  1.91883709455590093E-002
          76  1.76054204523812020E-002
          77  1.61342062206409759E-002
          78  1.47676886383079076E-002
          79  1.34991032263538577E-002
          80  1.23219555721647452E-002
          81  1.12300151893138470E-002
          82  1.02173083809899909E-002
          83  9.27811018247183365E-003
          84  8.40693545576147623E-003
          85  7.59852920689532089E-003
          86  6.84785619359542207E-003
          87  6.15008988786807601E-003
          88  5.50060085495443409E-003
          89  4.89494460674504139E-003
          90  4.32884898443940645E-003
          91  3.79820112191341704E-003
          92  3.29903403799962662E-003
          93  2.82751290273335065E-003
          94  2.37992101961314066E-003
          95  1.95264556310643239E-003
          96  1.54216310803531424E-003
          97  1.14502498513525605E-003
          98  7.57842495019285219E-004
          99  3.77272011025775943E-004
         100   0.0000000000000000     

