 1 1.
 2 3.231758486654731E+268
 3 5.7851920321187236E-307
 4 2.990536E-317
 5 5.562684646268003E-308
 6 5.277216796501027E-308
 7 5.785859069138498E-307
 8 1.2233210924594086E+257
 9 5.786332821718535E-307
 10 0.
 11 2.9199675E-317
 12 0.
 13 3.12E-321
 14 6.365987373E-314
 15 1.338979344099E-311
 16 0.
 17 1.067488218554E-311
 18 6.305226994215634E-307
 19 0.
 20 0.
 21 5.82539112038277E-307
 22 0.
 23 5.785857494783628E-307
 24 1.338979344099E-311
 25 7.291122019556398E-304
 26 8.5389110628443E-311
 27 5.276384990856894E-308
 28 5.283092425686929E-308
 29 1.0195811361225382E-305
 30 3.464980446247387E+265
 31 9.869526803E-315
 32 3.450610606913752E+265
 33 0.
 34 5.278031642884758E-308
 35 5.278033587482878E-308
 36 9.72299075E-315
 37 9.867331887E-315
 38 5.1914415099E-313
 39 3.282400712049751E+265
 40 5.278152419248547E-308
 41 4.85689E-318
 42 5.278031642884758E-308
 43 9.72299761E-315
 44 3.286535048001191E+265
 45 9.874245779424607E-306
 46 2.127038405E-314
 47 1.9854569764650287E+265
 48 2.121995807E-314
 49 3.597959159540849E+265
 50 9.874245815820214E-306
 51 1.9845336293966508E+265
 52 5.27822035198074E-308
 53 1.986311024839968E+265
 54 2.1270383376E-314
 55 1.9854216122372036E+265
 56 5.28057804657627E-308
 57 2.6600669604713974E+265
 58 1.2227758088853503E+257
 59 1.9869998426688997E+265
 60 1.4463548792653494E-307
 61 1.3351156153959074E-306
 62 1.691217745965155E-306
 63 1.379619129184668E-306
 64 1.1126102664331988E-306
 65 1.1126156987424274E-306
 66 4.22795269464292E-307
 67 1.112615698918568E-306
 68 1.6911810777121092E-306
 69 8.901083130678478E-307
 70 7.85171469824E-313
 71 5.785192036903575E-307
 72 2.993026E-317
 73 0.
 74 1.2604654998334E-311
 75 7.85149769863E-313
 76 3.511097404406912E+265
 77 2.990536E-317
 78 3.2312798567754785E+268
 79 5.787515923085458E-307
 80 5.786332821718535E-307
 81 0.
 82 2.9199675E-317
 83 2.920015E-317
 84 2.935E-321
 85 1.067366802823E-311
 86 2.990536E-317
 87 3.12E-321
 88 6.3E-322
 89 0.
 90 0.
 91 6.305227193152751E-307
 92 0.
 93 0.
 94 1.0114E-320
 95 1.920555898887317E+265
 96 6.310333364887088E-307
 97 3.8005587584495155E-270
 98 6.31033336967187E-307
 99 2.9905334E-317
 100 5.7851920321187236E-307
 101 0.

 1 1.
 2 3.231758486654731E+268
 3 5.7851920321187236E-307
 4 2.990536E-317
 5 5.562684646268003E-308
 6 5.277216796501027E-308
 7 5.785859069138498E-307
 8 1.2233210924594086E+257
 9 5.786332821718535E-307
 10 0.
 11 2.9199675E-317
 12 0.
 13 3.12E-321
 14 6.365987373E-314
 15 1.338979344099E-311
 16 0.
 17 1.067488218554E-311
 18 6.305226994215634E-307
 19 0.
 20 0.
 21 5.82539112038277E-307
 22 0.
 23 5.785857494783628E-307
 24 1.338979344099E-311
 25 7.291122019556398E-304
 26 8.5389110628443E-311
 27 5.276384990856894E-308
 28 5.283092425686929E-308
 29 1.0195811361225382E-305
 30 3.464980446247387E+265
 31 9.869526803E-315
 32 3.450610606913752E+265
 33 0.
 34 5.278031642884758E-308
 35 5.278033587482878E-308
 36 9.72299075E-315
 37 9.867331887E-315
 38 5.1914415099E-313
 39 3.282400712049751E+265
 40 5.278152419248547E-308
 41 4.85689E-318
 42 5.278031642884758E-308
 43 9.72299761E-315
 44 3.286535048001191E+265
 45 9.874245779424607E-306
 46 2.127038405E-314
 47 1.9854569764650287E+265
 48 2.121995807E-314
 49 3.597959159540849E+265
 50 9.874245815820214E-306
 51 1.9845336293966508E+265
 52 5.27822035198074E-308
 53 1.986311024839968E+265
 54 2.1270383376E-314
 55 1.9854216122372036E+265
 56 5.28057804657627E-308
 57 2.6600669604713974E+265
 58 1.2227758088853503E+257
 59 1.9869998426688997E+265
 60 1.4463548792653494E-307
 61 1.3351156153959074E-306
 62 1.691217745965155E-306
 63 1.379619129184668E-306
 64 1.1126102664331988E-306
 65 1.1126156987424274E-306
 66 4.22795269464292E-307
 67 1.112615698918568E-306
 68 1.6911810777121092E-306
 69 8.901083130678478E-307
 70 7.85171469824E-313
 71 5.785192036903575E-307
 72 2.993026E-317
 73 0.
 74 1.2604654998334E-311
 75 7.85149769863E-313
 76 3.511097404406912E+265
 77 2.990536E-317
 78 3.2312798567754785E+268
 79 5.787515923085458E-307
 80 5.786332821718535E-307
 81 0.
 82 2.9199675E-317
 83 2.920015E-317
 84 2.935E-321
 85 1.067366802823E-311
 86 2.990536E-317
 87 3.12E-321
 88 6.3E-322
 89 0.
 90 0.
 91 6.305227193152751E-307
 92 0.
 93 0.
 94 1.0114E-320
 95 1.920555898887317E+265
 96 6.310333364887088E-307
 97 3.8005587584495155E-270
 98 6.31033336967187E-307
 99 2.9905334E-317
 100 5.7851920321187236E-307
 101 0.

 1 1.
 2 3.231758486654731E+268
 3 5.7851920321187236E-307
 4 2.990536E-317
 5 5.562684646268003E-308
 6 5.277216796501027E-308
 7 5.785859069138498E-307
 8 1.2233210924594086E+257
 9 5.786332821718535E-307
 10 0.
 11 2.9199675E-317
 12 0.
 13 3.12E-321
 14 6.365987373E-314
 15 1.338979344099E-311
 16 0.
 17 1.067488218554E-311
 18 6.305226994215634E-307
 19 0.
 20 0.
 21 5.82539112038277E-307
 22 0.
 23 5.785857494783628E-307
 24 1.338979344099E-311
 25 7.291122019556398E-304
 26 8.5389110628443E-311
 27 5.276384990856894E-308
 28 5.283092425686929E-308
 29 1.0195811361225382E-305
 30 3.464980446247387E+265
 31 9.869526803E-315
 32 3.450610606913752E+265
 33 0.
 34 5.278031642884758E-308
 35 5.278033587482878E-308
 36 9.72299075E-315
 37 9.867331887E-315
 38 5.1914415099E-313
 39 3.282400712049751E+265
 40 5.278152419248547E-308
 41 4.85689E-318
 42 5.278031642884758E-308
 43 9.72299761E-315
 44 3.286535048001191E+265
 45 9.874245779424607E-306
 46 2.127038405E-314
 47 1.9854569764650287E+265
 48 2.121995807E-314
 49 3.597959159540849E+265
 50 9.874245815820214E-306
 51 1.9845336293966508E+265
 52 5.27822035198074E-308
 53 1.986311024839968E+265
 54 2.1270383376E-314
 55 1.9854216122372036E+265
 56 5.28057804657627E-308
 57 2.6600669604713974E+265
 58 1.2227758088853503E+257
 59 1.9869998426688997E+265
 60 1.4463548792653494E-307
 61 1.3351156153959074E-306
 62 1.691217745965155E-306
 63 1.379619129184668E-306
 64 1.1126102664331988E-306
 65 1.1126156987424274E-306
 66 4.22795269464292E-307
 67 1.112615698918568E-306
 68 1.6911810777121092E-306
 69 8.901083130678478E-307
 70 7.85171469824E-313
 71 5.785192036903575E-307
 72 2.993026E-317
 73 0.
 74 1.2604654998334E-311
 75 7.85149769863E-313
 76 3.511097404406912E+265
 77 2.990536E-317
 78 3.2312798567754785E+268
 79 5.787515923085458E-307
 80 5.786332821718535E-307
 81 0.
 82 2.9199675E-317
 83 2.920015E-317
 84 2.935E-321
 85 1.067366802823E-311
 86 2.990536E-317
 87 3.12E-321
 88 6.3E-322
 89 0.
 90 0.
 91 6.305227193152751E-307
 92 0.
 93 0.
 94 1.0114E-320
 95 1.920555898887317E+265
 96 6.310333364887088E-307
 97 3.8005587584495155E-270
 98 6.31033336967187E-307
 99 2.9905334E-317
 100 5.7851920321187236E-307
 101 0.

 1 1.
 2 3.231758486654731E+268
 3 5.7851920321187236E-307
 4 2.990536E-317
 5 5.562684646268003E-308
 6 5.277216796501027E-308
 7 5.785859069138498E-307
 8 1.2233210924594086E+257
 9 5.786332821718535E-307
 10 0.
 11 2.9199675E-317
 12 0.
 13 3.12E-321
 14 6.365987373E-314
 15 1.338979344099E-311
 16 0.
 17 1.067488218554E-311
 18 6.305226994215634E-307
 19 0.
 20 0.
 21 5.82539112038277E-307
 22 0.
 23 5.785857494783628E-307
 24 1.338979344099E-311
 25 7.291122019556398E-304
 26 8.5389110628443E-311
 27 5.276384990856894E-308
 28 5.283092425686929E-308
 29 1.0195811361225382E-305
 30 3.464980446247387E+265
 31 9.869526803E-315
 32 3.450610606913752E+265
 33 0.
 34 5.278031642884758E-308
 35 5.278033587482878E-308
 36 9.72299075E-315
 37 9.867331887E-315
 38 5.1914415099E-313
 39 3.282400712049751E+265
 40 5.278152419248547E-308
 41 4.85689E-318
 42 5.278031642884758E-308
 43 9.72299761E-315
 44 3.286535048001191E+265
 45 9.874245779424607E-306
 46 2.127038405E-314
 47 1.9854569764650287E+265
 48 2.121995807E-314
 49 3.597959159540849E+265
 50 9.874245815820214E-306
 51 1.9845336293966508E+265
 52 5.27822035198074E-308
 53 1.986311024839968E+265
 54 2.1270383376E-314
 55 1.9854216122372036E+265
 56 5.28057804657627E-308
 57 2.6600669604713974E+265
 58 1.2227758088853503E+257
 59 1.9869998426688997E+265
 60 1.4463548792653494E-307
 61 1.3351156153959074E-306
 62 1.691217745965155E-306
 63 1.379619129184668E-306
 64 1.1126102664331988E-306
 65 1.1126156987424274E-306
 66 4.22795269464292E-307
 67 1.112615698918568E-306
 68 1.6911810777121092E-306
 69 8.901083130678478E-307
 70 7.85171469824E-313
 71 5.785192036903575E-307
 72 2.993026E-317
 73 0.
 74 1.2604654998334E-311
 75 7.85149769863E-313
 76 3.511097404406912E+265
 77 2.990536E-317
 78 3.2312798567754785E+268
 79 5.787515923085458E-307
 80 5.786332821718535E-307
 81 0.
 82 2.9199675E-317
 83 2.920015E-317
 84 2.935E-321
 85 1.067366802823E-311
 86 2.990536E-317
 87 3.12E-321
 88 6.3E-322
 89 0.
 90 0.
 91 6.305227193152751E-307
 92 0.
 93 0.
 94 1.0114E-320
 95 1.920555898887317E+265
 96 6.310333364887088E-307
 97 3.8005587584495155E-270
 98 6.31033336967187E-307
 99 2.9905334E-317
 100 5.7851920321187236E-307
 101 0.

 1 1.
 2 3.231758486654731E+268
 3 5.7851920321187236E-307
 4 2.990536E-317
 5 5.562684646268003E-308
 6 5.277216796501027E-308
 7 5.785859069138498E-307
 8 1.2233210924594086E+257
 9 5.786332821718535E-307
 10 0.
 11 2.9199675E-317
 12 0.
 13 3.12E-321
 14 6.365987373E-314
 15 1.338979344099E-311
 16 0.
 17 1.067488218554E-311
 18 6.305226994215634E-307
 19 0.
 20 0.
 21 5.82539112038277E-307
 22 0.
 23 5.785857494783628E-307
 24 1.338979344099E-311
 25 7.291122019556398E-304
 26 8.5389110628443E-311
 27 5.276384990856894E-308
 28 5.283092425686929E-308
 29 1.0195811361225382E-305
 30 3.464980446247387E+265
 31 9.869526803E-315
 32 3.450610606913752E+265
 33 0.
 34 5.278031642884758E-308
 35 5.278033587482878E-308
 36 9.72299075E-315
 37 9.867331887E-315
 38 5.1914415099E-313
 39 3.282400712049751E+265
 40 5.278152419248547E-308
 41 4.85689E-318
 42 5.278031642884758E-308
 43 9.72299761E-315
 44 3.286535048001191E+265
 45 9.874245779424607E-306
 46 2.127038405E-314
 47 1.9854569764650287E+265
 48 2.121995807E-314
 49 3.597959159540849E+265
 50 9.874245815820214E-306
 51 1.9845336293966508E+265
 52 5.27822035198074E-308
 53 1.986311024839968E+265
 54 2.1270383376E-314
 55 1.9854216122372036E+265
 56 5.28057804657627E-308
 57 2.6600669604713974E+265
 58 1.2227758088853503E+257
 59 1.9869998426688997E+265
 60 1.4463548792653494E-307
 61 1.3351156153959074E-306
 62 1.691217745965155E-306
 63 1.379619129184668E-306
 64 1.1126102664331988E-306
 65 1.1126156987424274E-306
 66 4.22795269464292E-307
 67 1.112615698918568E-306
 68 1.6911810777121092E-306
 69 8.901083130678478E-307
 70 7.85171469824E-313
 71 5.785192036903575E-307
 72 2.993026E-317
 73 0.
 74 1.2604654998334E-311
 75 7.85149769863E-313
 76 3.511097404406912E+265
 77 2.990536E-317
 78 3.2312798567754785E+268
 79 5.787515923085458E-307
 80 5.786332821718535E-307
 81 0.
 82 2.9199675E-317
 83 2.920015E-317
 84 2.935E-321
 85 1.067366802823E-311
 86 2.990536E-317
 87 3.12E-321
 88 6.3E-322
 89 0.
 90 0.
 91 6.305227193152751E-307
 92 0.
 93 0.
 94 1.0114E-320
 95 1.920555898887317E+265
 96 6.310333364887088E-307
 97 3.8005587584495155E-270
 98 6.31033336967187E-307
 99 2.9905334E-317
 100 5.7851920321187236E-307
 101 0.

 1 1.
 2 3.231758486654731E+268
 3 5.7851920321187236E-307
 4 2.990536E-317
 5 5.562684646268003E-308
 6 5.277216796501027E-308
 7 5.785859069138498E-307
 8 1.2233210924594086E+257
 9 5.786332821718535E-307
 10 0.
 11 2.9199675E-317
 12 0.
 13 3.12E-321
 14 6.365987373E-314
 15 1.338979344099E-311
 16 0.
 17 1.067488218554E-311
 18 6.305226994215634E-307
 19 0.
 20 0.
 21 5.82539112038277E-307
 22 0.
 23 5.785857494783628E-307
 24 1.338979344099E-311
 25 7.291122019556398E-304
 26 8.5389110628443E-311
 27 5.276384990856894E-308
 28 5.283092425686929E-308
 29 1.0195811361225382E-305
 30 3.464980446247387E+265
 31 9.869526803E-315
 32 3.450610606913752E+265
 33 0.
 34 5.278031642884758E-308
 35 5.278033587482878E-308
 36 9.72299075E-315
 37 9.867331887E-315
 38 5.1914415099E-313
 39 3.282400712049751E+265
 40 5.278152419248547E-308
 41 4.85689E-318
 42 5.278031642884758E-308
 43 9.72299761E-315
 44 3.286535048001191E+265
 45 9.874245779424607E-306
 46 2.127038405E-314
 47 1.9854569764650287E+265
 48 2.121995807E-314
 49 3.597959159540849E+265
 50 9.874245815820214E-306
 51 1.9845336293966508E+265
 52 5.27822035198074E-308
 53 1.986311024839968E+265
 54 2.1270383376E-314
 55 1.9854216122372036E+265
 56 5.28057804657627E-308
 57 2.6600669604713974E+265
 58 1.2227758088853503E+257
 59 1.9869998426688997E+265
 60 1.4463548792653494E-307
 61 1.3351156153959074E-306
 62 1.691217745965155E-306
 63 1.379619129184668E-306
 64 1.1126102664331988E-306
 65 1.1126156987424274E-306
 66 4.22795269464292E-307
 67 1.112615698918568E-306
 68 1.6911810777121092E-306
 69 8.901083130678478E-307
 70 7.85171469824E-313
 71 5.785192036903575E-307
 72 2.993026E-317
 73 0.
 74 1.2604654998334E-311
 75 7.85149769863E-313
 76 3.511097404406912E+265
 77 2.990536E-317
 78 3.2312798567754785E+268
 79 5.787515923085458E-307
 80 5.786332821718535E-307
 81 0.
 82 2.9199675E-317
 83 2.920015E-317
 84 2.935E-321
 85 1.067366802823E-311
 86 2.990536E-317
 87 3.12E-321
 88 6.3E-322
 89 0.
 90 0.
 91 6.305227193152751E-307
 92 0.
 93 0.
 94 1.0114E-320
 95 1.920555898887317E+265
 96 6.310333364887088E-307
 97 3.8005587584495155E-270
 98 6.31033336967187E-307
 99 2.9905334E-317
 100 5.7851920321187236E-307
 101 0.

 1 1.
 2 3.231758486654731E+268
 3 5.7851920321187236E-307
 4 2.990536E-317
 5 5.562684646268003E-308
 6 5.277216796501027E-308
 7 5.785859069138498E-307
 8 1.2233210924594086E+257
 9 5.786332821718535E-307
 10 0.
 11 2.9199675E-317
 12 0.
 13 3.12E-321
 14 6.365987373E-314
 15 1.338979344099E-311
 16 0.
 17 1.067488218554E-311
 18 6.305226994215634E-307
 19 0.
 20 0.
 21 5.82539112038277E-307
 22 0.
 23 5.785857494783628E-307
 24 1.338979344099E-311
 25 7.291122019556398E-304
 26 8.5389110628443E-311
 27 5.276384990856894E-308
 28 5.283092425686929E-308
 29 1.0195811361225382E-305
 30 3.464980446247387E+265
 31 9.869526803E-315
 32 3.450610606913752E+265
 33 0.
 34 5.278031642884758E-308
 35 5.278033587482878E-308
 36 9.72299075E-315
 37 9.867331887E-315
 38 5.1914415099E-313
 39 3.282400712049751E+265
 40 5.278152419248547E-308
 41 4.85689E-318
 42 5.278031642884758E-308
 43 9.72299761E-315
 44 3.286535048001191E+265
 45 9.874245779424607E-306
 46 2.127038405E-314
 47 1.9854569764650287E+265
 48 2.121995807E-314
 49 3.597959159540849E+265
 50 9.874245815820214E-306
 51 1.9845336293966508E+265
 52 5.27822035198074E-308
 53 1.986311024839968E+265
 54 2.1270383376E-314
 55 1.9854216122372036E+265
 56 5.28057804657627E-308
 57 2.6600669604713974E+265
 58 1.2227758088853503E+257
 59 1.9869998426688997E+265
 60 1.4463548792653494E-307
 61 1.3351156153959074E-306
 62 1.691217745965155E-306
 63 1.379619129184668E-306
 64 1.1126102664331988E-306
 65 1.1126156987424274E-306
 66 4.22795269464292E-307
 67 1.112615698918568E-306
 68 1.6911810777121092E-306
 69 8.901083130678478E-307
 70 7.85171469824E-313
 71 5.785192036903575E-307
 72 2.993026E-317
 73 0.
 74 1.2604654998334E-311
 75 7.85149769863E-313
 76 3.511097404406912E+265
 77 2.990536E-317
 78 3.2312798567754785E+268
 79 5.787515923085458E-307
 80 5.786332821718535E-307
 81 0.
 82 2.9199675E-317
 83 2.920015E-317
 84 2.935E-321
 85 1.067366802823E-311
 86 2.990536E-317
 87 3.12E-321
 88 6.3E-322
 89 0.
 90 0.
 91 6.305227193152751E-307
 92 0.
 93 0.
 94 1.0114E-320
 95 1.920555898887317E+265
 96 6.310333364887088E-307
 97 3.8005587584495155E-270
 98 6.31033336967187E-307
 99 2.9905334E-317
 100 5.7851920321187236E-307
 101 0.

 1 1.
 2 3.231758486654731E+268
 3 5.7851920321187236E-307
 4 2.990536E-317
 5 5.562684646268003E-308
 6 5.277216796501027E-308
 7 5.785859069138498E-307
 8 1.2233210924594086E+257
 9 5.786332821718535E-307
 10 0.
 11 2.9199675E-317
 12 0.
 13 3.12E-321
 14 6.365987373E-314
 15 1.338979344099E-311
 16 0.
 17 1.067488218554E-311
 18 6.305226994215634E-307
 19 0.
 20 0.
 21 5.82539112038277E-307
 22 0.
 23 5.785857494783628E-307
 24 1.338979344099E-311
 25 7.291122019556398E-304
 26 8.5389110628443E-311
 27 5.276384990856894E-308
 28 5.283092425686929E-308
 29 1.0195811361225382E-305
 30 3.464980446247387E+265
 31 9.869526803E-315
 32 3.450610606913752E+265
 33 0.
 34 5.278031642884758E-308
 35 5.278033587482878E-308
 36 9.72299075E-315
 37 9.867331887E-315
 38 5.1914415099E-313
 39 3.282400712049751E+265
 40 5.278152419248547E-308
 41 4.85689E-318
 42 5.278031642884758E-308
 43 9.72299761E-315
 44 3.286535048001191E+265
 45 9.874245779424607E-306
 46 2.127038405E-314
 47 1.9854569764650287E+265
 48 2.121995807E-314
 49 3.597959159540849E+265
 50 9.874245815820214E-306
 51 1.9845336293966508E+265
 52 5.27822035198074E-308
 53 1.986311024839968E+265
 54 2.1270383376E-314
 55 1.9854216122372036E+265
 56 5.28057804657627E-308
 57 2.6600669604713974E+265
 58 1.2227758088853503E+257
 59 1.9869998426688997E+265
 60 1.4463548792653494E-307
 61 1.3351156153959074E-306
 62 1.691217745965155E-306
 63 1.379619129184668E-306
 64 1.1126102664331988E-306
 65 1.1126156987424274E-306
 66 4.22795269464292E-307
 67 1.112615698918568E-306
 68 1.6911810777121092E-306
 69 8.901083130678478E-307
 70 7.85171469824E-313
 71 5.785192036903575E-307
 72 2.993026E-317
 73 0.
 74 1.2604654998334E-311
 75 7.85149769863E-313
 76 3.511097404406912E+265
 77 2.990536E-317
 78 3.2312798567754785E+268
 79 5.787515923085458E-307
 80 5.786332821718535E-307
 81 0.
 82 2.9199675E-317
 83 2.920015E-317
 84 2.935E-321
 85 1.067366802823E-311
 86 2.990536E-317
 87 3.12E-321
 88 6.3E-322
 89 0.
 90 0.
 91 6.305227193152751E-307
 92 0.
 93 0.
 94 1.0114E-320
 95 1.920555898887317E+265
 96 6.310333364887088E-307
 97 3.8005587584495155E-270
 98 6.31033336967187E-307
 99 2.9905334E-317
 100 5.7851920321187236E-307
 101 0.

 1 1.
 2 3.231758486654731E+268
 3 5.7851920321187236E-307
 4 2.990536E-317
 5 5.562684646268003E-308
 6 5.277216796501027E-308
 7 5.785859069138498E-307
 8 1.2233210924594086E+257
 9 5.786332821718535E-307
 10 0.
 11 2.9199675E-317
 12 0.
 13 3.12E-321
 14 6.365987373E-314
 15 1.338979344099E-311
 16 0.
 17 1.067488218554E-311
 18 6.305226994215634E-307
 19 0.
 20 0.
 21 5.82539112038277E-307
 22 0.
 23 5.785857494783628E-307
 24 1.338979344099E-311
 25 7.291122019556398E-304
 26 8.5389110628443E-311
 27 5.276384990856894E-308
 28 5.283092425686929E-308
 29 1.0195811361225382E-305
 30 3.464980446247387E+265
 31 9.869526803E-315
 32 3.450610606913752E+265
 33 0.
 34 5.278031642884758E-308
 35 5.278033587482878E-308
 36 9.72299075E-315
 37 9.867331887E-315
 38 5.1914415099E-313
 39 3.282400712049751E+265
 40 5.278152419248547E-308
 41 4.85689E-318
 42 5.278031642884758E-308
 43 9.72299761E-315
 44 3.286535048001191E+265
 45 9.874245779424607E-306
 46 2.127038405E-314
 47 1.9854569764650287E+265
 48 2.121995807E-314
 49 3.597959159540849E+265
 50 9.874245815820214E-306
 51 1.9845336293966508E+265
 52 5.27822035198074E-308
 53 1.986311024839968E+265
 54 2.1270383376E-314
 55 1.9854216122372036E+265
 56 5.28057804657627E-308
 57 2.6600669604713974E+265
 58 1.2227758088853503E+257
 59 1.9869998426688997E+265
 60 1.4463548792653494E-307
 61 1.3351156153959074E-306
 62 1.691217745965155E-306
 63 1.379619129184668E-306
 64 1.1126102664331988E-306
 65 1.1126156987424274E-306
 66 4.22795269464292E-307
 67 1.112615698918568E-306
 68 1.6911810777121092E-306
 69 8.901083130678478E-307
 70 7.85171469824E-313
 71 5.785192036903575E-307
 72 2.993026E-317
 73 0.
 74 1.2604654998334E-311
 75 7.85149769863E-313
 76 3.511097404406912E+265
 77 2.990536E-317
 78 3.2312798567754785E+268
 79 5.787515923085458E-307
 80 5.786332821718535E-307
 81 0.
 82 2.9199675E-317
 83 2.920015E-317
 84 2.935E-321
 85 1.067366802823E-311
 86 2.990536E-317
 87 3.12E-321
 88 6.3E-322
 89 0.
 90 0.
 91 6.305227193152751E-307
 92 0.
 93 0.
 94 1.0114E-320
 95 1.920555898887317E+265
 96 6.310333364887088E-307
 97 3.8005587584495155E-270
 98 6.31033336967187E-307
 99 2.9905334E-317
 100 5.7851920321187236E-307
 101 0.

 1 1.
 2 3.231758486654731E+268
 3 5.7851920321187236E-307
 4 2.990536E-317
 5 5.562684646268003E-308
 6 5.277216796501027E-308
 7 5.785859069138498E-307
 8 1.2233210924594086E+257
 9 5.786332821718535E-307
 10 0.
 11 2.9199675E-317
 12 0.
 13 3.12E-321
 14 6.365987373E-314
 15 1.338979344099E-311
 16 0.
 17 1.067488218554E-311
 18 6.305226994215634E-307
 19 0.
 20 0.
 21 5.82539112038277E-307
 22 0.
 23 5.785857494783628E-307
 24 1.338979344099E-311
 25 7.291122019556398E-304
 26 8.5389110628443E-311
 27 5.276384990856894E-308
 28 5.283092425686929E-308
 29 1.0195811361225382E-305
 30 3.464980446247387E+265
 31 9.869526803E-315
 32 3.450610606913752E+265
 33 0.
 34 5.278031642884758E-308
 35 5.278033587482878E-308
 36 9.72299075E-315
 37 9.867331887E-315
 38 5.1914415099E-313
 39 3.282400712049751E+265
 40 5.278152419248547E-308
 41 4.85689E-318
 42 5.278031642884758E-308
 43 9.72299761E-315
 44 3.286535048001191E+265
 45 9.874245779424607E-306
 46 2.127038405E-314
 47 1.9854569764650287E+265
 48 2.121995807E-314
 49 3.597959159540849E+265
 50 9.874245815820214E-306
 51 1.9845336293966508E+265
 52 5.27822035198074E-308
 53 1.986311024839968E+265
 54 2.1270383376E-314
 55 1.9854216122372036E+265
 56 5.28057804657627E-308
 57 2.6600669604713974E+265
 58 1.2227758088853503E+257
 59 1.9869998426688997E+265
 60 1.4463548792653494E-307
 61 1.3351156153959074E-306
 62 1.691217745965155E-306
 63 1.379619129184668E-306
 64 1.1126102664331988E-306
 65 1.1126156987424274E-306
 66 4.22795269464292E-307
 67 1.112615698918568E-306
 68 1.6911810777121092E-306
 69 8.901083130678478E-307
 70 7.85171469824E-313
 71 5.785192036903575E-307
 72 2.993026E-317
 73 0.
 74 1.2604654998334E-311
 75 7.85149769863E-313
 76 3.511097404406912E+265
 77 2.990536E-317
 78 3.2312798567754785E+268
 79 5.787515923085458E-307
 80 5.786332821718535E-307
 81 0.
 82 2.9199675E-317
 83 2.920015E-317
 84 2.935E-321
 85 1.067366802823E-311
 86 2.990536E-317
 87 3.12E-321
 88 6.3E-322
 89 0.
 90 0.
 91 6.305227193152751E-307
 92 0.
 93 0.
 94 1.0114E-320
 95 1.920555898887317E+265
 96 6.310333364887088E-307
 97 3.8005587584495155E-270
 98 6.31033336967187E-307
 99 2.9905334E-317
 100 5.7851920321187236E-307
 101 0.

 1 1.
 2 3.231758486654731E+268
 3 5.7851920321187236E-307
 4 2.990536E-317
 5 5.562684646268003E-308
 6 5.277216796501027E-308
 7 5.785859069138498E-307
 8 1.2233210924594086E+257
 9 5.786332821718535E-307
 10 0.
 11 2.9199675E-317
 12 0.
 13 3.12E-321
 14 6.365987373E-314
 15 1.338979344099E-311
 16 0.
 17 1.067488218554E-311
 18 6.305226994215634E-307
 19 0.
 20 0.
 21 5.82539112038277E-307
 22 0.
 23 5.785857494783628E-307
 24 1.338979344099E-311
 25 7.291122019556398E-304
 26 8.5389110628443E-311
 27 5.276384990856894E-308
 28 5.283092425686929E-308
 29 1.0195811361225382E-305
 30 3.464980446247387E+265
 31 9.869526803E-315
 32 3.450610606913752E+265
 33 0.
 34 5.278031642884758E-308
 35 5.278033587482878E-308
 36 9.72299075E-315
 37 9.867331887E-315
 38 5.1914415099E-313
 39 3.282400712049751E+265
 40 5.278152419248547E-308
 41 4.85689E-318
 42 5.278031642884758E-308
 43 9.72299761E-315
 44 3.286535048001191E+265
 45 9.874245779424607E-306
 46 2.127038405E-314
 47 1.9854569764650287E+265
 48 2.121995807E-314
 49 3.597959159540849E+265
 50 9.874245815820214E-306
 51 1.9845336293966508E+265
 52 5.27822035198074E-308
 53 1.986311024839968E+265
 54 2.1270383376E-314
 55 1.9854216122372036E+265
 56 5.28057804657627E-308
 57 2.6600669604713974E+265
 58 1.2227758088853503E+257
 59 1.9869998426688997E+265
 60 1.4463548792653494E-307
 61 1.3351156153959074E-306
 62 1.691217745965155E-306
 63 1.379619129184668E-306
 64 1.1126102664331988E-306
 65 1.1126156987424274E-306
 66 4.22795269464292E-307
 67 1.112615698918568E-306
 68 1.6911810777121092E-306
 69 8.901083130678478E-307
 70 7.85171469824E-313
 71 5.785192036903575E-307
 72 2.993026E-317
 73 0.
 74 1.2604654998334E-311
 75 7.85149769863E-313
 76 3.511097404406912E+265
 77 2.990536E-317
 78 3.2312798567754785E+268
 79 5.787515923085458E-307
 80 5.786332821718535E-307
 81 0.
 82 2.9199675E-317
 83 2.920015E-317
 84 2.935E-321
 85 1.067366802823E-311
 86 2.990536E-317
 87 3.12E-321
 88 6.3E-322
 89 0.
 90 0.
 91 6.305227193152751E-307
 92 0.
 93 0.
 94 1.0114E-320
 95 1.920555898887317E+265
 96 6.310333364887088E-307
 97 3.8005587584495155E-270
 98 6.31033336967187E-307
 99 2.9905334E-317
 100 5.7851920321187236E-307
 101 0.

 1 1.
 2 3.231758486654731E+268
 3 5.7851920321187236E-307
 4 2.990536E-317
 5 5.562684646268003E-308
 6 5.277216796501027E-308
 7 5.785859069138498E-307
 8 1.2233210924594086E+257
 9 5.786332821718535E-307
 10 0.
 11 2.9199675E-317
 12 0.
 13 3.12E-321
 14 6.365987373E-314
 15 1.338979344099E-311
 16 0.
 17 1.067488218554E-311
 18 6.305226994215634E-307
 19 0.
 20 0.
 21 5.82539112038277E-307
 22 0.
 23 5.785857494783628E-307
 24 1.338979344099E-311
 25 7.291122019556398E-304
 26 8.5389110628443E-311
 27 5.276384990856894E-308
 28 5.283092425686929E-308
 29 1.0195811361225382E-305
 30 3.464980446247387E+265
 31 9.869526803E-315
 32 3.450610606913752E+265
 33 0.
 34 5.278031642884758E-308
 35 5.278033587482878E-308
 36 9.72299075E-315
 37 9.867331887E-315
 38 5.1914415099E-313
 39 3.282400712049751E+265
 40 5.278152419248547E-308
 41 4.85689E-318
 42 5.278031642884758E-308
 43 9.72299761E-315
 44 3.286535048001191E+265
 45 9.874245779424607E-306
 46 2.127038405E-314
 47 1.9854569764650287E+265
 48 2.121995807E-314
 49 3.597959159540849E+265
 50 9.874245815820214E-306
 51 1.9845336293966508E+265
 52 5.27822035198074E-308
 53 1.986311024839968E+265
 54 2.1270383376E-314
 55 1.9854216122372036E+265
 56 5.28057804657627E-308
 57 2.6600669604713974E+265
 58 1.2227758088853503E+257
 59 1.9869998426688997E+265
 60 1.4463548792653494E-307
 61 1.3351156153959074E-306
 62 1.691217745965155E-306
 63 1.379619129184668E-306
 64 1.1126102664331988E-306
 65 1.1126156987424274E-306
 66 4.22795269464292E-307
 67 1.112615698918568E-306
 68 1.6911810777121092E-306
 69 8.901083130678478E-307
 70 7.85171469824E-313
 71 5.785192036903575E-307
 72 2.993026E-317
 73 0.
 74 1.2604654998334E-311
 75 7.85149769863E-313
 76 3.511097404406912E+265
 77 2.990536E-317
 78 3.2312798567754785E+268
 79 5.787515923085458E-307
 80 5.786332821718535E-307
 81 0.
 82 2.9199675E-317
 83 2.920015E-317
 84 2.935E-321
 85 1.067366802823E-311
 86 2.990536E-317
 87 3.12E-321
 88 6.3E-322
 89 0.
 90 0.
 91 6.305227193152751E-307
 92 0.
 93 0.
 94 1.0114E-320
 95 1.920555898887317E+265
 96 6.310333364887088E-307
 97 3.8005587584495155E-270
 98 6.31033336967187E-307
 99 2.9905334E-317
 100 5.7851920321187236E-307
 101 0.

 1 1.
 2 3.231758486654731E+268
 3 5.7851920321187236E-307
 4 2.990536E-317
 5 5.562684646268003E-308
 6 5.277216796501027E-308
 7 5.785859069138498E-307
 8 1.2233210924594086E+257
 9 5.786332821718535E-307
 10 0.
 11 2.9199675E-317
 12 0.
 13 3.12E-321
 14 6.365987373E-314
 15 1.338979344099E-311
 16 0.
 17 1.067488218554E-311
 18 6.305226994215634E-307
 19 0.
 20 0.
 21 5.82539112038277E-307
 22 0.
 23 5.785857494783628E-307
 24 1.338979344099E-311
 25 7.291122019556398E-304
 26 8.5389110628443E-311
 27 5.276384990856894E-308
 28 5.283092425686929E-308
 29 1.0195811361225382E-305
 30 3.464980446247387E+265
 31 9.869526803E-315
 32 3.450610606913752E+265
 33 0.
 34 5.278031642884758E-308
 35 5.278033587482878E-308
 36 9.72299075E-315
 37 9.867331887E-315
 38 5.1914415099E-313
 39 3.282400712049751E+265
 40 5.278152419248547E-308
 41 4.85689E-318
 42 5.278031642884758E-308
 43 9.72299761E-315
 44 3.286535048001191E+265
 45 9.874245779424607E-306
 46 2.127038405E-314
 47 1.9854569764650287E+265
 48 2.121995807E-314
 49 3.597959159540849E+265
 50 9.874245815820214E-306
 51 1.9845336293966508E+265
 52 5.27822035198074E-308
 53 1.986311024839968E+265
 54 2.1270383376E-314
 55 1.9854216122372036E+265
 56 5.28057804657627E-308
 57 2.6600669604713974E+265
 58 1.2227758088853503E+257
 59 1.9869998426688997E+265
 60 1.4463548792653494E-307
 61 1.3351156153959074E-306
 62 1.691217745965155E-306
 63 1.379619129184668E-306
 64 1.1126102664331988E-306
 65 1.1126156987424274E-306
 66 4.22795269464292E-307
 67 1.112615698918568E-306
 68 1.6911810777121092E-306
 69 8.901083130678478E-307
 70 7.85171469824E-313
 71 5.785192036903575E-307
 72 2.993026E-317
 73 0.
 74 1.2604654998334E-311
 75 7.85149769863E-313
 76 3.511097404406912E+265
 77 2.990536E-317
 78 3.2312798567754785E+268
 79 5.787515923085458E-307
 80 5.786332821718535E-307
 81 0.
 82 2.9199675E-317
 83 2.920015E-317
 84 2.935E-321
 85 1.067366802823E-311
 86 2.990536E-317
 87 3.12E-321
 88 6.3E-322
 89 0.
 90 0.
 91 6.305227193152751E-307
 92 0.
 93 0.
 94 1.0114E-320
 95 1.920555898887317E+265
 96 6.310333364887088E-307
 97 3.8005587584495155E-270
 98 6.31033336967187E-307
 99 2.9905334E-317
 100 5.7851920321187236E-307
 101 0.

 1 1.
 2 3.231758486654731E+268
 3 5.7851920321187236E-307
 4 2.990536E-317
 5 5.562684646268003E-308
 6 5.277216796501027E-308
 7 5.785859069138498E-307
 8 1.2233210924594086E+257
 9 5.786332821718535E-307
 10 0.
 11 2.9199675E-317
 12 0.
 13 3.12E-321
 14 6.365987373E-314
 15 1.338979344099E-311
 16 0.
 17 1.067488218554E-311
 18 6.305226994215634E-307
 19 0.
 20 0.
 21 5.82539112038277E-307
 22 0.
 23 5.785857494783628E-307
 24 1.338979344099E-311
 25 7.291122019556398E-304
 26 8.5389110628443E-311
 27 5.276384990856894E-308
 28 5.283092425686929E-308
 29 1.0195811361225382E-305
 30 3.464980446247387E+265
 31 9.869526803E-315
 32 3.450610606913752E+265
 33 0.
 34 5.278031642884758E-308
 35 5.278033587482878E-308
 36 9.72299075E-315
 37 9.867331887E-315
 38 5.1914415099E-313
 39 3.282400712049751E+265
 40 5.278152419248547E-308
 41 4.85689E-318
 42 5.278031642884758E-308
 43 9.72299761E-315
 44 3.286535048001191E+265
 45 9.874245779424607E-306
 46 2.127038405E-314
 47 1.9854569764650287E+265
 48 2.121995807E-314
 49 3.597959159540849E+265
 50 9.874245815820214E-306
 51 1.9845336293966508E+265
 52 5.27822035198074E-308
 53 1.986311024839968E+265
 54 2.1270383376E-314
 55 1.9854216122372036E+265
 56 5.28057804657627E-308
 57 2.6600669604713974E+265
 58 1.2227758088853503E+257
 59 1.9869998426688997E+265
 60 1.4463548792653494E-307
 61 1.3351156153959074E-306
 62 1.691217745965155E-306
 63 1.379619129184668E-306
 64 1.1126102664331988E-306
 65 1.1126156987424274E-306
 66 4.22795269464292E-307
 67 1.112615698918568E-306
 68 1.6911810777121092E-306
 69 8.901083130678478E-307
 70 7.85171469824E-313
 71 5.785192036903575E-307
 72 2.993026E-317
 73 0.
 74 1.2604654998334E-311
 75 7.85149769863E-313
 76 3.511097404406912E+265
 77 2.990536E-317
 78 3.2312798567754785E+268
 79 5.787515923085458E-307
 80 5.786332821718535E-307
 81 0.
 82 2.9199675E-317
 83 2.920015E-317
 84 2.935E-321
 85 1.067366802823E-311
 86 2.990536E-317
 87 3.12E-321
 88 6.3E-322
 89 0.
 90 0.
 91 6.305227193152751E-307
 92 0.
 93 0.
 94 1.0114E-320
 95 1.920555898887317E+265
 96 6.310333364887088E-307
 97 3.8005587584495155E-270
 98 6.31033336967187E-307
 99 2.9905334E-317
 100 5.7851920321187236E-307
 101 0.

 1 1.
 2 3.231758486654731E+268
 3 5.7851920321187236E-307
 4 2.990536E-317
 5 5.562684646268003E-308
 6 5.277216796501027E-308
 7 5.785859069138498E-307
 8 1.2233210924594086E+257
 9 5.786332821718535E-307
 10 0.
 11 2.9199675E-317
 12 0.
 13 3.12E-321
 14 6.365987373E-314
 15 1.338979344099E-311
 16 0.
 17 1.067488218554E-311
 18 6.305226994215634E-307
 19 0.
 20 0.
 21 5.82539112038277E-307
 22 0.
 23 5.785857494783628E-307
 24 1.338979344099E-311
 25 7.291122019556398E-304
 26 8.5389110628443E-311
 27 5.276384990856894E-308
 28 5.283092425686929E-308
 29 1.0195811361225382E-305
 30 3.464980446247387E+265
 31 9.869526803E-315
 32 3.450610606913752E+265
 33 0.
 34 5.278031642884758E-308
 35 5.278033587482878E-308
 36 9.72299075E-315
 37 9.867331887E-315
 38 5.1914415099E-313
 39 3.282400712049751E+265
 40 5.278152419248547E-308
 41 4.85689E-318
 42 5.278031642884758E-308
 43 9.72299761E-315
 44 3.286535048001191E+265
 45 9.874245779424607E-306
 46 2.127038405E-314
 47 1.9854569764650287E+265
 48 2.121995807E-314
 49 3.597959159540849E+265
 50 9.874245815820214E-306
 51 1.9845336293966508E+265
 52 5.27822035198074E-308
 53 1.986311024839968E+265
 54 2.1270383376E-314
 55 1.9854216122372036E+265
 56 5.28057804657627E-308
 57 2.6600669604713974E+265
 58 1.2227758088853503E+257
 59 1.9869998426688997E+265
 60 1.4463548792653494E-307
 61 1.3351156153959074E-306
 62 1.691217745965155E-306
 63 1.379619129184668E-306
 64 1.1126102664331988E-306
 65 1.1126156987424274E-306
 66 4.22795269464292E-307
 67 1.112615698918568E-306
 68 1.6911810777121092E-306
 69 8.901083130678478E-307
 70 7.85171469824E-313
 71 5.785192036903575E-307
 72 2.993026E-317
 73 0.
 74 1.2604654998334E-311
 75 7.85149769863E-313
 76 3.511097404406912E+265
 77 2.990536E-317
 78 3.2312798567754785E+268
 79 5.787515923085458E-307
 80 5.786332821718535E-307
 81 0.
 82 2.9199675E-317
 83 2.920015E-317
 84 2.935E-321
 85 1.067366802823E-311
 86 2.990536E-317
 87 3.12E-321
 88 6.3E-322
 89 0.
 90 0.
 91 6.305227193152751E-307
 92 0.
 93 0.
 94 1.0114E-320
 95 1.920555898887317E+265
 96 6.310333364887088E-307
 97 3.8005587584495155E-270
 98 6.31033336967187E-307
 99 2.9905334E-317
 100 5.7851920321187236E-307
 101 0.

 1 1.
 2 3.231758486654731E+268
 3 5.7851920321187236E-307
 4 2.990536E-317
 5 5.562684646268003E-308
 6 5.277216796501027E-308
 7 5.785859069138498E-307
 8 1.2233210924594086E+257
 9 5.786332821718535E-307
 10 0.
 11 2.9199675E-317
 12 0.
 13 3.12E-321
 14 6.365987373E-314
 15 1.338979344099E-311
 16 0.
 17 1.067488218554E-311
 18 6.305226994215634E-307
 19 0.
 20 0.
 21 5.82539112038277E-307
 22 0.
 23 5.785857494783628E-307
 24 1.338979344099E-311
 25 7.291122019556398E-304
 26 8.5389110628443E-311
 27 5.276384990856894E-308
 28 5.283092425686929E-308
 29 1.0195811361225382E-305
 30 3.464980446247387E+265
 31 9.869526803E-315
 32 3.450610606913752E+265
 33 0.
 34 5.278031642884758E-308
 35 5.278033587482878E-308
 36 9.72299075E-315
 37 9.867331887E-315
 38 5.1914415099E-313
 39 3.282400712049751E+265
 40 5.278152419248547E-308
 41 4.85689E-318
 42 5.278031642884758E-308
 43 9.72299761E-315
 44 3.286535048001191E+265
 45 9.874245779424607E-306
 46 2.127038405E-314
 47 1.9854569764650287E+265
 48 2.121995807E-314
 49 3.597959159540849E+265
 50 9.874245815820214E-306
 51 1.9845336293966508E+265
 52 5.27822035198074E-308
 53 1.986311024839968E+265
 54 2.1270383376E-314
 55 1.9854216122372036E+265
 56 5.28057804657627E-308
 57 2.6600669604713974E+265
 58 1.2227758088853503E+257
 59 1.9869998426688997E+265
 60 1.4463548792653494E-307
 61 1.3351156153959074E-306
 62 1.691217745965155E-306
 63 1.379619129184668E-306
 64 1.1126102664331988E-306
 65 1.1126156987424274E-306
 66 4.22795269464292E-307
 67 1.112615698918568E-306
 68 1.6911810777121092E-306
 69 8.901083130678478E-307
 70 7.85171469824E-313
 71 5.785192036903575E-307
 72 2.993026E-317
 73 0.
 74 1.2604654998334E-311
 75 7.85149769863E-313
 76 3.511097404406912E+265
 77 2.990536E-317
 78 3.2312798567754785E+268
 79 5.787515923085458E-307
 80 5.786332821718535E-307
 81 0.
 82 2.9199675E-317
 83 2.920015E-317
 84 2.935E-321
 85 1.067366802823E-311
 86 2.990536E-317
 87 3.12E-321
 88 6.3E-322
 89 0.
 90 0.
 91 6.305227193152751E-307
 92 0.
 93 0.
 94 1.0114E-320
 95 1.920555898887317E+265
 96 6.310333364887088E-307
 97 3.8005587584495155E-270
 98 6.31033336967187E-307
 99 2.9905334E-317
 100 5.7851920321187236E-307
 101 0.

 1 1.
 2 3.231758486654731E+268
 3 5.7851920321187236E-307
 4 2.990536E-317
 5 5.562684646268003E-308
 6 5.277216796501027E-308
 7 5.785859069138498E-307
 8 1.2233210924594086E+257
 9 5.786332821718535E-307
 10 0.
 11 2.9199675E-317
 12 0.
 13 3.12E-321
 14 6.365987373E-314
 15 1.338979344099E-311
 16 0.
 17 1.067488218554E-311
 18 6.305226994215634E-307
 19 0.
 20 0.
 21 5.82539112038277E-307
 22 0.
 23 5.785857494783628E-307
 24 1.338979344099E-311
 25 7.291122019556398E-304
 26 8.5389110628443E-311
 27 5.276384990856894E-308
 28 5.283092425686929E-308
 29 1.0195811361225382E-305
 30 3.464980446247387E+265
 31 9.869526803E-315
 32 3.450610606913752E+265
 33 0.
 34 5.278031642884758E-308
 35 5.278033587482878E-308
 36 9.72299075E-315
 37 9.867331887E-315
 38 5.1914415099E-313
 39 3.282400712049751E+265
 40 5.278152419248547E-308
 41 4.85689E-318
 42 5.278031642884758E-308
 43 9.72299761E-315
 44 3.286535048001191E+265
 45 9.874245779424607E-306
 46 2.127038405E-314
 47 1.9854569764650287E+265
 48 2.121995807E-314
 49 3.597959159540849E+265
 50 9.874245815820214E-306
 51 1.9845336293966508E+265
 52 5.27822035198074E-308
 53 1.986311024839968E+265
 54 2.1270383376E-314
 55 1.9854216122372036E+265
 56 5.28057804657627E-308
 57 2.6600669604713974E+265
 58 1.2227758088853503E+257
 59 1.9869998426688997E+265
 60 1.4463548792653494E-307
 61 1.3351156153959074E-306
 62 1.691217745965155E-306
 63 1.379619129184668E-306
 64 1.1126102664331988E-306
 65 1.1126156987424274E-306
 66 4.22795269464292E-307
 67 1.112615698918568E-306
 68 1.6911810777121092E-306
 69 8.901083130678478E-307
 70 7.85171469824E-313
 71 5.785192036903575E-307
 72 2.993026E-317
 73 0.
 74 1.2604654998334E-311
 75 7.85149769863E-313
 76 3.511097404406912E+265
 77 2.990536E-317
 78 3.2312798567754785E+268
 79 5.787515923085458E-307
 80 5.786332821718535E-307
 81 0.
 82 2.9199675E-317
 83 2.920015E-317
 84 2.935E-321
 85 1.067366802823E-311
 86 2.990536E-317
 87 3.12E-321
 88 6.3E-322
 89 0.
 90 0.
 91 6.305227193152751E-307
 92 0.
 93 0.
 94 1.0114E-320
 95 1.920555898887317E+265
 96 6.310333364887088E-307
 97 3.8005587584495155E-270
 98 6.31033336967187E-307
 99 2.9905334E-317
 100 5.7851920321187236E-307
 101 0.

 1 1.
 2 3.231758486654731E+268
 3 5.7851920321187236E-307
 4 2.990536E-317
 5 5.562684646268003E-308
 6 5.277216796501027E-308
 7 5.785859069138498E-307
 8 1.2233210924594086E+257
 9 5.786332821718535E-307
 10 0.
 11 2.9199675E-317
 12 0.
 13 3.12E-321
 14 6.365987373E-314
 15 1.338979344099E-311
 16 0.
 17 1.067488218554E-311
 18 6.305226994215634E-307
 19 0.
 20 0.
 21 5.82539112038277E-307
 22 0.
 23 5.785857494783628E-307
 24 1.338979344099E-311
 25 7.291122019556398E-304
 26 8.5389110628443E-311
 27 5.276384990856894E-308
 28 5.283092425686929E-308
 29 1.0195811361225382E-305
 30 3.464980446247387E+265
 31 9.869526803E-315
 32 3.450610606913752E+265
 33 0.
 34 5.278031642884758E-308
 35 5.278033587482878E-308
 36 9.72299075E-315
 37 9.867331887E-315
 38 5.1914415099E-313
 39 3.282400712049751E+265
 40 5.278152419248547E-308
 41 4.85689E-318
 42 5.278031642884758E-308
 43 9.72299761E-315
 44 3.286535048001191E+265
 45 9.874245779424607E-306
 46 2.127038405E-314
 47 1.9854569764650287E+265
 48 2.121995807E-314
 49 3.597959159540849E+265
 50 9.874245815820214E-306
 51 1.9845336293966508E+265
 52 5.27822035198074E-308
 53 1.986311024839968E+265
 54 2.1270383376E-314
 55 1.9854216122372036E+265
 56 5.28057804657627E-308
 57 2.6600669604713974E+265
 58 1.2227758088853503E+257
 59 1.9869998426688997E+265
 60 1.4463548792653494E-307
 61 1.3351156153959074E-306
 62 1.691217745965155E-306
 63 1.379619129184668E-306
 64 1.1126102664331988E-306
 65 1.1126156987424274E-306
 66 4.22795269464292E-307
 67 1.112615698918568E-306
 68 1.6911810777121092E-306
 69 8.901083130678478E-307
 70 7.85171469824E-313
 71 5.785192036903575E-307
 72 2.993026E-317
 73 0.
 74 1.2604654998334E-311
 75 7.85149769863E-313
 76 3.511097404406912E+265
 77 2.990536E-317
 78 3.2312798567754785E+268
 79 5.787515923085458E-307
 80 5.786332821718535E-307
 81 0.
 82 2.9199675E-317
 83 2.920015E-317
 84 2.935E-321
 85 1.067366802823E-311
 86 2.990536E-317
 87 3.12E-321
 88 6.3E-322
 89 0.
 90 0.
 91 6.305227193152751E-307
 92 0.
 93 0.
 94 1.0114E-320
 95 1.920555898887317E+265
 96 6.310333364887088E-307
 97 3.8005587584495155E-270
 98 6.31033336967187E-307
 99 2.9905334E-317
 100 5.7851920321187236E-307
 101 0.

 1 1.
 2 3.231758486654731E+268
 3 5.7851920321187236E-307
 4 2.990536E-317
 5 5.562684646268003E-308
 6 5.277216796501027E-308
 7 5.785859069138498E-307
 8 1.2233210924594086E+257
 9 5.786332821718535E-307
 10 0.
 11 2.9199675E-317
 12 0.
 13 3.12E-321
 14 6.365987373E-314
 15 1.338979344099E-311
 16 0.
 17 1.067488218554E-311
 18 6.305226994215634E-307
 19 0.
 20 0.
 21 5.82539112038277E-307
 22 0.
 23 5.785857494783628E-307
 24 1.338979344099E-311
 25 7.291122019556398E-304
 26 8.5389110628443E-311
 27 5.276384990856894E-308
 28 5.283092425686929E-308
 29 1.0195811361225382E-305
 30 3.464980446247387E+265
 31 9.869526803E-315
 32 3.450610606913752E+265
 33 0.
 34 5.278031642884758E-308
 35 5.278033587482878E-308
 36 9.72299075E-315
 37 9.867331887E-315
 38 5.1914415099E-313
 39 3.282400712049751E+265
 40 5.278152419248547E-308
 41 4.85689E-318
 42 5.278031642884758E-308
 43 9.72299761E-315
 44 3.286535048001191E+265
 45 9.874245779424607E-306
 46 2.127038405E-314
 47 1.9854569764650287E+265
 48 2.121995807E-314
 49 3.597959159540849E+265
 50 9.874245815820214E-306
 51 1.9845336293966508E+265
 52 5.27822035198074E-308
 53 1.986311024839968E+265
 54 2.1270383376E-314
 55 1.9854216122372036E+265
 56 5.28057804657627E-308
 57 2.6600669604713974E+265
 58 1.2227758088853503E+257
 59 1.9869998426688997E+265
 60 1.4463548792653494E-307
 61 1.3351156153959074E-306
 62 1.691217745965155E-306
 63 1.379619129184668E-306
 64 1.1126102664331988E-306
 65 1.1126156987424274E-306
 66 4.22795269464292E-307
 67 1.112615698918568E-306
 68 1.6911810777121092E-306
 69 8.901083130678478E-307
 70 7.85171469824E-313
 71 5.785192036903575E-307
 72 2.993026E-317
 73 0.
 74 1.2604654998334E-311
 75 7.85149769863E-313
 76 3.511097404406912E+265
 77 2.990536E-317
 78 3.2312798567754785E+268
 79 5.787515923085458E-307
 80 5.786332821718535E-307
 81 0.
 82 2.9199675E-317
 83 2.920015E-317
 84 2.935E-321
 85 1.067366802823E-311
 86 2.990536E-317
 87 3.12E-321
 88 6.3E-322
 89 0.
 90 0.
 91 6.305227193152751E-307
 92 0.
 93 0.
 94 1.0114E-320
 95 1.920555898887317E+265
 96 6.310333364887088E-307
 97 3.8005587584495155E-270
 98 6.31033336967187E-307
 99 2.9905334E-317
 100 5.7851920321187236E-307
 101 0.

 1 1.
 2 3.231758486654731E+268
 3 5.7851920321187236E-307
 4 2.990536E-317
 5 5.562684646268003E-308
 6 5.277216796501027E-308
 7 5.785859069138498E-307
 8 1.2233210924594086E+257
 9 5.786332821718535E-307
 10 0.
 11 2.9199675E-317
 12 0.
 13 3.12E-321
 14 6.365987373E-314
 15 1.338979344099E-311
 16 0.
 17 1.067488218554E-311
 18 6.305226994215634E-307
 19 0.
 20 0.
 21 5.82539112038277E-307
 22 0.
 23 5.785857494783628E-307
 24 1.338979344099E-311
 25 7.291122019556398E-304
 26 8.5389110628443E-311
 27 5.276384990856894E-308
 28 5.283092425686929E-308
 29 1.0195811361225382E-305
 30 3.464980446247387E+265
 31 9.869526803E-315
 32 3.450610606913752E+265
 33 0.
 34 5.278031642884758E-308
 35 5.278033587482878E-308
 36 9.72299075E-315
 37 9.867331887E-315
 38 5.1914415099E-313
 39 3.282400712049751E+265
 40 5.278152419248547E-308
 41 4.85689E-318
 42 5.278031642884758E-308
 43 9.72299761E-315
 44 3.286535048001191E+265
 45 9.874245779424607E-306
 46 2.127038405E-314
 47 1.9854569764650287E+265
 48 2.121995807E-314
 49 3.597959159540849E+265
 50 9.874245815820214E-306
 51 1.9845336293966508E+265
 52 5.27822035198074E-308
 53 1.986311024839968E+265
 54 2.1270383376E-314
 55 1.9854216122372036E+265
 56 5.28057804657627E-308
 57 2.6600669604713974E+265
 58 1.2227758088853503E+257
 59 1.9869998426688997E+265
 60 1.4463548792653494E-307
 61 1.3351156153959074E-306
 62 1.691217745965155E-306
 63 1.379619129184668E-306
 64 1.1126102664331988E-306
 65 1.1126156987424274E-306
 66 4.22795269464292E-307
 67 1.112615698918568E-306
 68 1.6911810777121092E-306
 69 8.901083130678478E-307
 70 7.85171469824E-313
 71 5.785192036903575E-307
 72 2.993026E-317
 73 0.
 74 1.2604654998334E-311
 75 7.85149769863E-313
 76 3.511097404406912E+265
 77 2.990536E-317
 78 3.2312798567754785E+268
 79 5.787515923085458E-307
 80 5.786332821718535E-307
 81 0.
 82 2.9199675E-317
 83 2.920015E-317
 84 2.935E-321
 85 1.067366802823E-311
 86 2.990536E-317
 87 3.12E-321
 88 6.3E-322
 89 0.
 90 0.
 91 6.305227193152751E-307
 92 0.
 93 0.
 94 1.0114E-320
 95 1.920555898887317E+265
 96 6.310333364887088E-307
 97 3.8005587584495155E-270
 98 6.31033336967187E-307
 99 2.9905334E-317
 100 5.7851920321187236E-307
 101 0.

 1 1.
 2 3.231758486654731E+268
 3 5.7851920321187236E-307
 4 2.990536E-317
 5 5.562684646268003E-308
 6 5.277216796501027E-308
 7 5.785859069138498E-307
 8 1.2233210924594086E+257
 9 5.786332821718535E-307
 10 0.
 11 2.9199675E-317
 12 0.
 13 3.12E-321
 14 6.365987373E-314
 15 1.338979344099E-311
 16 0.
 17 1.067488218554E-311
 18 6.305226994215634E-307
 19 0.
 20 0.
 21 5.82539112038277E-307
 22 0.
 23 5.785857494783628E-307
 24 1.338979344099E-311
 25 7.291122019556398E-304
 26 8.5389110628443E-311
 27 5.276384990856894E-308
 28 5.283092425686929E-308
 29 1.0195811361225382E-305
 30 3.464980446247387E+265
 31 9.869526803E-315
 32 3.450610606913752E+265
 33 0.
 34 5.278031642884758E-308
 35 5.278033587482878E-308
 36 9.72299075E-315
 37 9.867331887E-315
 38 5.1914415099E-313
 39 3.282400712049751E+265
 40 5.278152419248547E-308
 41 4.85689E-318
 42 5.278031642884758E-308
 43 9.72299761E-315
 44 3.286535048001191E+265
 45 9.874245779424607E-306
 46 2.127038405E-314
 47 1.9854569764650287E+265
 48 2.121995807E-314
 49 3.597959159540849E+265
 50 9.874245815820214E-306
 51 1.9845336293966508E+265
 52 5.27822035198074E-308
 53 1.986311024839968E+265
 54 2.1270383376E-314
 55 1.9854216122372036E+265
 56 5.28057804657627E-308
 57 2.6600669604713974E+265
 58 1.2227758088853503E+257
 59 1.9869998426688997E+265
 60 1.4463548792653494E-307
 61 1.3351156153959074E-306
 62 1.691217745965155E-306
 63 1.379619129184668E-306
 64 1.1126102664331988E-306
 65 1.1126156987424274E-306
 66 4.22795269464292E-307
 67 1.112615698918568E-306
 68 1.6911810777121092E-306
 69 8.901083130678478E-307
 70 7.85171469824E-313
 71 5.785192036903575E-307
 72 2.993026E-317
 73 0.
 74 1.2604654998334E-311
 75 7.85149769863E-313
 76 3.511097404406912E+265
 77 2.990536E-317
 78 3.2312798567754785E+268
 79 5.787515923085458E-307
 80 5.786332821718535E-307
 81 0.
 82 2.9199675E-317
 83 2.920015E-317
 84 2.935E-321
 85 1.067366802823E-311
 86 2.990536E-317
 87 3.12E-321
 88 6.3E-322
 89 0.
 90 0.
 91 6.305227193152751E-307
 92 0.
 93 0.
 94 1.0114E-320
 95 1.920555898887317E+265
 96 6.310333364887088E-307
 97 3.8005587584495155E-270
 98 6.31033336967187E-307
 99 2.9905334E-317
 100 5.7851920321187236E-307
 101 0.

 1 1.
 2 3.231758486654731E+268
 3 5.7851920321187236E-307
 4 2.990536E-317
 5 5.562684646268003E-308
 6 5.277216796501027E-308
 7 5.785859069138498E-307
 8 1.2233210924594086E+257
 9 5.786332821718535E-307
 10 0.
 11 2.9199675E-317
 12 0.
 13 3.12E-321
 14 6.365987373E-314
 15 1.338979344099E-311
 16 0.
 17 1.067488218554E-311
 18 6.305226994215634E-307
 19 0.
 20 0.
 21 5.82539112038277E-307
 22 0.
 23 5.785857494783628E-307
 24 1.338979344099E-311
 25 7.291122019556398E-304
 26 8.5389110628443E-311
 27 5.276384990856894E-308
 28 5.283092425686929E-308
 29 1.0195811361225382E-305
 30 3.464980446247387E+265
 31 9.869526803E-315
 32 3.450610606913752E+265
 33 0.
 34 5.278031642884758E-308
 35 5.278033587482878E-308
 36 9.72299075E-315
 37 9.867331887E-315
 38 5.1914415099E-313
 39 3.282400712049751E+265
 40 5.278152419248547E-308
 41 4.85689E-318
 42 5.278031642884758E-308
 43 9.72299761E-315
 44 3.286535048001191E+265
 45 9.874245779424607E-306
 46 2.127038405E-314
 47 1.9854569764650287E+265
 48 2.121995807E-314
 49 3.597959159540849E+265
 50 9.874245815820214E-306
 51 1.9845336293966508E+265
 52 5.27822035198074E-308
 53 1.986311024839968E+265
 54 2.1270383376E-314
 55 1.9854216122372036E+265
 56 5.28057804657627E-308
 57 2.6600669604713974E+265
 58 1.2227758088853503E+257
 59 1.9869998426688997E+265
 60 1.4463548792653494E-307
 61 1.3351156153959074E-306
 62 1.691217745965155E-306
 63 1.379619129184668E-306
 64 1.1126102664331988E-306
 65 1.1126156987424274E-306
 66 4.22795269464292E-307
 67 1.112615698918568E-306
 68 1.6911810777121092E-306
 69 8.901083130678478E-307
 70 7.85171469824E-313
 71 5.785192036903575E-307
 72 2.993026E-317
 73 0.
 74 1.2604654998334E-311
 75 7.85149769863E-313
 76 3.511097404406912E+265
 77 2.990536E-317
 78 3.2312798567754785E+268
 79 5.787515923085458E-307
 80 5.786332821718535E-307
 81 0.
 82 2.9199675E-317
 83 2.920015E-317
 84 2.935E-321
 85 1.067366802823E-311
 86 2.990536E-317
 87 3.12E-321
 88 6.3E-322
 89 0.
 90 0.
 91 6.305227193152751E-307
 92 0.
 93 0.
 94 1.0114E-320
 95 1.920555898887317E+265
 96 6.310333364887088E-307
 97 3.8005587584495155E-270
 98 6.31033336967187E-307
 99 2.9905334E-317
 100 5.7851920321187236E-307
 101 0.

 1 1.
 2 3.231758486654731E+268
 3 5.7851920321187236E-307
 4 2.990536E-317
 5 5.562684646268003E-308
 6 5.277216796501027E-308
 7 5.785859069138498E-307
 8 1.2233210924594086E+257
 9 5.786332821718535E-307
 10 0.
 11 2.9199675E-317
 12 0.
 13 3.12E-321
 14 6.365987373E-314
 15 1.338979344099E-311
 16 0.
 17 1.067488218554E-311
 18 6.305226994215634E-307
 19 0.
 20 0.
 21 5.82539112038277E-307
 22 0.
 23 5.785857494783628E-307
 24 1.338979344099E-311
 25 7.291122019556398E-304
 26 8.5389110628443E-311
 27 5.276384990856894E-308
 28 5.283092425686929E-308
 29 1.0195811361225382E-305
 30 3.464980446247387E+265
 31 9.869526803E-315
 32 3.450610606913752E+265
 33 0.
 34 5.278031642884758E-308
 35 5.278033587482878E-308
 36 9.72299075E-315
 37 9.867331887E-315
 38 5.1914415099E-313
 39 3.282400712049751E+265
 40 5.278152419248547E-308
 41 4.85689E-318
 42 5.278031642884758E-308
 43 9.72299761E-315
 44 3.286535048001191E+265
 45 9.874245779424607E-306
 46 2.127038405E-314
 47 1.9854569764650287E+265
 48 2.121995807E-314
 49 3.597959159540849E+265
 50 9.874245815820214E-306
 51 1.9845336293966508E+265
 52 5.27822035198074E-308
 53 1.986311024839968E+265
 54 2.1270383376E-314
 55 1.9854216122372036E+265
 56 5.28057804657627E-308
 57 2.6600669604713974E+265
 58 1.2227758088853503E+257
 59 1.9869998426688997E+265
 60 1.4463548792653494E-307
 61 1.3351156153959074E-306
 62 1.691217745965155E-306
 63 1.379619129184668E-306
 64 1.1126102664331988E-306
 65 1.1126156987424274E-306
 66 4.22795269464292E-307
 67 1.112615698918568E-306
 68 1.6911810777121092E-306
 69 8.901083130678478E-307
 70 7.85171469824E-313
 71 5.785192036903575E-307
 72 2.993026E-317
 73 0.
 74 1.2604654998334E-311
 75 7.85149769863E-313
 76 3.511097404406912E+265
 77 2.990536E-317
 78 3.2312798567754785E+268
 79 5.787515923085458E-307
 80 5.786332821718535E-307
 81 0.
 82 2.9199675E-317
 83 2.920015E-317
 84 2.935E-321
 85 1.067366802823E-311
 86 2.990536E-317
 87 3.12E-321
 88 6.3E-322
 89 0.
 90 0.
 91 6.305227193152751E-307
 92 0.
 93 0.
 94 1.0114E-320
 95 1.920555898887317E+265
 96 6.310333364887088E-307
 97 3.8005587584495155E-270
 98 6.31033336967187E-307
 99 2.9905334E-317
 100 5.7851920321187236E-307
 101 0.

 1 1.
 2 3.231758486654731E+268
 3 5.7851920321187236E-307
 4 2.990536E-317
 5 5.562684646268003E-308
 6 5.277216796501027E-308
 7 5.785859069138498E-307
 8 1.2233210924594086E+257
 9 5.786332821718535E-307
 10 0.
 11 2.9199675E-317
 12 0.
 13 3.12E-321
 14 6.365987373E-314
 15 1.338979344099E-311
 16 0.
 17 1.067488218554E-311
 18 6.305226994215634E-307
 19 0.
 20 0.
 21 5.82539112038277E-307
 22 0.
 23 5.785857494783628E-307
 24 1.338979344099E-311
 25 7.291122019556398E-304
 26 8.5389110628443E-311
 27 5.276384990856894E-308
 28 5.283092425686929E-308
 29 1.0195811361225382E-305
 30 3.464980446247387E+265
 31 9.869526803E-315
 32 3.450610606913752E+265
 33 0.
 34 5.278031642884758E-308
 35 5.278033587482878E-308
 36 9.72299075E-315
 37 9.867331887E-315
 38 5.1914415099E-313
 39 3.282400712049751E+265
 40 5.278152419248547E-308
 41 4.85689E-318
 42 5.278031642884758E-308
 43 9.72299761E-315
 44 3.286535048001191E+265
 45 9.874245779424607E-306
 46 2.127038405E-314
 47 1.9854569764650287E+265
 48 2.121995807E-314
 49 3.597959159540849E+265
 50 9.874245815820214E-306
 51 1.9845336293966508E+265
 52 5.27822035198074E-308
 53 1.986311024839968E+265
 54 2.1270383376E-314
 55 1.9854216122372036E+265
 56 5.28057804657627E-308
 57 2.6600669604713974E+265
 58 1.2227758088853503E+257
 59 1.9869998426688997E+265
 60 1.4463548792653494E-307
 61 1.3351156153959074E-306
 62 1.691217745965155E-306
 63 1.379619129184668E-306
 64 1.1126102664331988E-306
 65 1.1126156987424274E-306
 66 4.22795269464292E-307
 67 1.112615698918568E-306
 68 1.6911810777121092E-306
 69 8.901083130678478E-307
 70 7.85171469824E-313
 71 5.785192036903575E-307
 72 2.993026E-317
 73 0.
 74 1.2604654998334E-311
 75 7.85149769863E-313
 76 3.511097404406912E+265
 77 2.990536E-317
 78 3.2312798567754785E+268
 79 5.787515923085458E-307
 80 5.786332821718535E-307
 81 0.
 82 2.9199675E-317
 83 2.920015E-317
 84 2.935E-321
 85 1.067366802823E-311
 86 2.990536E-317
 87 3.12E-321
 88 6.3E-322
 89 0.
 90 0.
 91 6.305227193152751E-307
 92 0.
 93 0.
 94 1.0114E-320
 95 1.920555898887317E+265
 96 6.310333364887088E-307
 97 3.8005587584495155E-270
 98 6.31033336967187E-307
 99 2.9905334E-317
 100 5.7851920321187236E-307
 101 0.

 1 1.
 2 3.231758486654731E+268
 3 5.7851920321187236E-307
 4 2.990536E-317
 5 5.562684646268003E-308
 6 5.277216796501027E-308
 7 5.785859069138498E-307
 8 1.2233210924594086E+257
 9 5.786332821718535E-307
 10 0.
 11 2.9199675E-317
 12 0.
 13 3.12E-321
 14 6.365987373E-314
 15 1.338979344099E-311
 16 0.
 17 1.067488218554E-311
 18 6.305226994215634E-307
 19 0.
 20 0.
 21 5.82539112038277E-307
 22 0.
 23 5.785857494783628E-307
 24 1.338979344099E-311
 25 7.291122019556398E-304
 26 8.5389110628443E-311
 27 5.276384990856894E-308
 28 5.283092425686929E-308
 29 1.0195811361225382E-305
 30 3.464980446247387E+265
 31 9.869526803E-315
 32 3.450610606913752E+265
 33 0.
 34 5.278031642884758E-308
 35 5.278033587482878E-308
 36 9.72299075E-315
 37 9.867331887E-315
 38 5.1914415099E-313
 39 3.282400712049751E+265
 40 5.278152419248547E-308
 41 4.85689E-318
 42 5.278031642884758E-308
 43 9.72299761E-315
 44 3.286535048001191E+265
 45 9.874245779424607E-306
 46 2.127038405E-314
 47 1.9854569764650287E+265
 48 2.121995807E-314
 49 3.597959159540849E+265
 50 9.874245815820214E-306
 51 1.9845336293966508E+265
 52 5.27822035198074E-308
 53 1.986311024839968E+265
 54 2.1270383376E-314
 55 1.9854216122372036E+265
 56 5.28057804657627E-308
 57 2.6600669604713974E+265
 58 1.2227758088853503E+257
 59 1.9869998426688997E+265
 60 1.4463548792653494E-307
 61 1.3351156153959074E-306
 62 1.691217745965155E-306
 63 1.379619129184668E-306
 64 1.1126102664331988E-306
 65 1.1126156987424274E-306
 66 4.22795269464292E-307
 67 1.112615698918568E-306
 68 1.6911810777121092E-306
 69 8.901083130678478E-307
 70 7.85171469824E-313
 71 5.785192036903575E-307
 72 2.993026E-317
 73 0.
 74 1.2604654998334E-311
 75 7.85149769863E-313
 76 3.511097404406912E+265
 77 2.990536E-317
 78 3.2312798567754785E+268
 79 5.787515923085458E-307
 80 5.786332821718535E-307
 81 0.
 82 2.9199675E-317
 83 2.920015E-317
 84 2.935E-321
 85 1.067366802823E-311
 86 2.990536E-317
 87 3.12E-321
 88 6.3E-322
 89 0.
 90 0.
 91 6.305227193152751E-307
 92 0.
 93 0.
 94 1.0114E-320
 95 1.920555898887317E+265
 96 6.310333364887088E-307
 97 3.8005587584495155E-270
 98 6.31033336967187E-307
 99 2.9905334E-317
 100 5.7851920321187236E-307
 101 0.

 1 1.
 2 3.231758486654731E+268
 3 5.7851920321187236E-307
 4 2.990536E-317
 5 5.562684646268003E-308
 6 5.277216796501027E-308
 7 5.785859069138498E-307
 8 1.2233210924594086E+257
 9 5.786332821718535E-307
 10 0.
 11 2.9199675E-317
 12 0.
 13 3.12E-321
 14 6.365987373E-314
 15 1.338979344099E-311
 16 0.
 17 1.067488218554E-311
 18 6.305226994215634E-307
 19 0.
 20 0.
 21 5.82539112038277E-307
 22 0.
 23 5.785857494783628E-307
 24 1.338979344099E-311
 25 7.291122019556398E-304
 26 8.5389110628443E-311
 27 5.276384990856894E-308
 28 5.283092425686929E-308
 29 1.0195811361225382E-305
 30 3.464980446247387E+265
 31 9.869526803E-315
 32 3.450610606913752E+265
 33 0.
 34 5.278031642884758E-308
 35 5.278033587482878E-308
 36 9.72299075E-315
 37 9.867331887E-315
 38 5.1914415099E-313
 39 3.282400712049751E+265
 40 5.278152419248547E-308
 41 4.85689E-318
 42 5.278031642884758E-308
 43 9.72299761E-315
 44 3.286535048001191E+265
 45 9.874245779424607E-306
 46 2.127038405E-314
 47 1.9854569764650287E+265
 48 2.121995807E-314
 49 3.597959159540849E+265
 50 9.874245815820214E-306
 51 1.9845336293966508E+265
 52 5.27822035198074E-308
 53 1.986311024839968E+265
 54 2.1270383376E-314
 55 1.9854216122372036E+265
 56 5.28057804657627E-308
 57 2.6600669604713974E+265
 58 1.2227758088853503E+257
 59 1.9869998426688997E+265
 60 1.4463548792653494E-307
 61 1.3351156153959074E-306
 62 1.691217745965155E-306
 63 1.379619129184668E-306
 64 1.1126102664331988E-306
 65 1.1126156987424274E-306
 66 4.22795269464292E-307
 67 1.112615698918568E-306
 68 1.6911810777121092E-306
 69 8.901083130678478E-307
 70 7.85171469824E-313
 71 5.785192036903575E-307
 72 2.993026E-317
 73 0.
 74 1.2604654998334E-311
 75 7.85149769863E-313
 76 3.511097404406912E+265
 77 2.990536E-317
 78 3.2312798567754785E+268
 79 5.787515923085458E-307
 80 5.786332821718535E-307
 81 0.
 82 2.9199675E-317
 83 2.920015E-317
 84 2.935E-321
 85 1.067366802823E-311
 86 2.990536E-317
 87 3.12E-321
 88 6.3E-322
 89 0.
 90 0.
 91 6.305227193152751E-307
 92 0.
 93 0.
 94 1.0114E-320
 95 1.920555898887317E+265
 96 6.310333364887088E-307
 97 3.8005587584495155E-270
 98 6.31033336967187E-307
 99 2.9905334E-317
 100 5.7851920321187236E-307
 101 0.

 1 1.
 2 3.231758486654731E+268
 3 5.7851920321187236E-307
 4 2.990536E-317
 5 5.562684646268003E-308
 6 5.277216796501027E-308
 7 5.785859069138498E-307
 8 1.2233210924594086E+257
 9 5.786332821718535E-307
 10 0.
 11 2.9199675E-317
 12 0.
 13 3.12E-321
 14 6.365987373E-314
 15 1.338979344099E-311
 16 0.
 17 1.067488218554E-311
 18 6.305226994215634E-307
 19 0.
 20 0.
 21 5.82539112038277E-307
 22 0.
 23 5.785857494783628E-307
 24 1.338979344099E-311
 25 7.291122019556398E-304
 26 8.5389110628443E-311
 27 5.276384990856894E-308
 28 5.283092425686929E-308
 29 1.0195811361225382E-305
 30 3.464980446247387E+265
 31 9.869526803E-315
 32 3.450610606913752E+265
 33 0.
 34 5.278031642884758E-308
 35 5.278033587482878E-308
 36 9.72299075E-315
 37 9.867331887E-315
 38 5.1914415099E-313
 39 3.282400712049751E+265
 40 5.278152419248547E-308
 41 4.85689E-318
 42 5.278031642884758E-308
 43 9.72299761E-315
 44 3.286535048001191E+265
 45 9.874245779424607E-306
 46 2.127038405E-314
 47 1.9854569764650287E+265
 48 2.121995807E-314
 49 3.597959159540849E+265
 50 9.874245815820214E-306
 51 1.9845336293966508E+265
 52 5.27822035198074E-308
 53 1.986311024839968E+265
 54 2.1270383376E-314
 55 1.9854216122372036E+265
 56 5.28057804657627E-308
 57 2.6600669604713974E+265
 58 1.2227758088853503E+257
 59 1.9869998426688997E+265
 60 1.4463548792653494E-307
 61 1.3351156153959074E-306
 62 1.691217745965155E-306
 63 1.379619129184668E-306
 64 1.1126102664331988E-306
 65 1.1126156987424274E-306
 66 4.22795269464292E-307
 67 1.112615698918568E-306
 68 1.6911810777121092E-306
 69 8.901083130678478E-307
 70 7.85171469824E-313
 71 5.785192036903575E-307
 72 2.993026E-317
 73 0.
 74 1.2604654998334E-311
 75 7.85149769863E-313
 76 3.511097404406912E+265
 77 2.990536E-317
 78 3.2312798567754785E+268
 79 5.787515923085458E-307
 80 5.786332821718535E-307
 81 0.
 82 2.9199675E-317
 83 2.920015E-317
 84 2.935E-321
 85 1.067366802823E-311
 86 2.990536E-317
 87 3.12E-321
 88 6.3E-322
 89 0.
 90 0.
 91 6.305227193152751E-307
 92 0.
 93 0.
 94 1.0114E-320
 95 1.920555898887317E+265
 96 6.310333364887088E-307
 97 3.8005587584495155E-270
 98 6.31033336967187E-307
 99 2.9905334E-317
 100 5.7851920321187236E-307
 101 0.

 1 1.
 2 3.231758486654731E+268
 3 5.7851920321187236E-307
 4 2.990536E-317
 5 5.562684646268003E-308
 6 5.277216796501027E-308
 7 5.785859069138498E-307
 8 1.2233210924594086E+257
 9 5.786332821718535E-307
 10 0.
 11 2.9199675E-317
 12 0.
 13 3.12E-321
 14 6.365987373E-314
 15 1.338979344099E-311
 16 0.
 17 1.067488218554E-311
 18 6.305226994215634E-307
 19 0.
 20 0.
 21 5.82539112038277E-307
 22 0.
 23 5.785857494783628E-307
 24 1.338979344099E-311
 25 7.291122019556398E-304
 26 8.5389110628443E-311
 27 5.276384990856894E-308
 28 5.283092425686929E-308
 29 1.0195811361225382E-305
 30 3.464980446247387E+265
 31 9.869526803E-315
 32 3.450610606913752E+265
 33 0.
 34 5.278031642884758E-308
 35 5.278033587482878E-308
 36 9.72299075E-315
 37 9.867331887E-315
 38 5.1914415099E-313
 39 3.282400712049751E+265
 40 5.278152419248547E-308
 41 4.85689E-318
 42 5.278031642884758E-308
 43 9.72299761E-315
 44 3.286535048001191E+265
 45 9.874245779424607E-306
 46 2.127038405E-314
 47 1.9854569764650287E+265
 48 2.121995807E-314
 49 3.597959159540849E+265
 50 9.874245815820214E-306
 51 1.9845336293966508E+265
 52 5.27822035198074E-308
 53 1.986311024839968E+265
 54 2.1270383376E-314
 55 1.9854216122372036E+265
 56 5.28057804657627E-308
 57 2.6600669604713974E+265
 58 1.2227758088853503E+257
 59 1.9869998426688997E+265
 60 1.4463548792653494E-307
 61 1.3351156153959074E-306
 62 1.691217745965155E-306
 63 1.379619129184668E-306
 64 1.1126102664331988E-306
 65 1.1126156987424274E-306
 66 4.22795269464292E-307
 67 1.112615698918568E-306
 68 1.6911810777121092E-306
 69 8.901083130678478E-307
 70 7.85171469824E-313
 71 5.785192036903575E-307
 72 2.993026E-317
 73 0.
 74 1.2604654998334E-311
 75 7.85149769863E-313
 76 3.511097404406912E+265
 77 2.990536E-317
 78 3.2312798567754785E+268
 79 5.787515923085458E-307
 80 5.786332821718535E-307
 81 0.
 82 2.9199675E-317
 83 2.920015E-317
 84 2.935E-321
 85 1.067366802823E-311
 86 2.990536E-317
 87 3.12E-321
 88 6.3E-322
 89 0.
 90 0.
 91 6.305227193152751E-307
 92 0.
 93 0.
 94 1.0114E-320
 95 1.920555898887317E+265
 96 6.310333364887088E-307
 97 3.8005587584495155E-270
 98 6.31033336967187E-307
 99 2.9905334E-317
 100 5.7851920321187236E-307
 101 0.

 1 1.
 2 3.231758486654731E+268
 3 5.7851920321187236E-307
 4 2.990536E-317
 5 5.562684646268003E-308
 6 5.277216796501027E-308
 7 5.785859069138498E-307
 8 1.2233210924594086E+257
 9 5.786332821718535E-307
 10 0.
 11 2.9199675E-317
 12 0.
 13 3.12E-321
 14 6.365987373E-314
 15 1.338979344099E-311
 16 0.
 17 1.067488218554E-311
 18 6.305226994215634E-307
 19 0.
 20 0.
 21 5.82539112038277E-307
 22 0.
 23 5.785857494783628E-307
 24 1.338979344099E-311
 25 7.291122019556398E-304
 26 8.5389110628443E-311
 27 5.276384990856894E-308
 28 5.283092425686929E-308
 29 1.0195811361225382E-305
 30 3.464980446247387E+265
 31 9.869526803E-315
 32 3.450610606913752E+265
 33 0.
 34 5.278031642884758E-308
 35 5.278033587482878E-308
 36 9.72299075E-315
 37 9.867331887E-315
 38 5.1914415099E-313
 39 3.282400712049751E+265
 40 5.278152419248547E-308
 41 4.85689E-318
 42 5.278031642884758E-308
 43 9.72299761E-315
 44 3.286535048001191E+265
 45 9.874245779424607E-306
 46 2.127038405E-314
 47 1.9854569764650287E+265
 48 2.121995807E-314
 49 3.597959159540849E+265
 50 9.874245815820214E-306
 51 1.9845336293966508E+265
 52 5.27822035198074E-308
 53 1.986311024839968E+265
 54 2.1270383376E-314
 55 1.9854216122372036E+265
 56 5.28057804657627E-308
 57 2.6600669604713974E+265
 58 1.2227758088853503E+257
 59 1.9869998426688997E+265
 60 1.4463548792653494E-307
 61 1.3351156153959074E-306
 62 1.691217745965155E-306
 63 1.379619129184668E-306
 64 1.1126102664331988E-306
 65 1.1126156987424274E-306
 66 4.22795269464292E-307
 67 1.112615698918568E-306
 68 1.6911810777121092E-306
 69 8.901083130678478E-307
 70 7.85171469824E-313
 71 5.785192036903575E-307
 72 2.993026E-317
 73 0.
 74 1.2604654998334E-311
 75 7.85149769863E-313
 76 3.511097404406912E+265
 77 2.990536E-317
 78 3.2312798567754785E+268
 79 5.787515923085458E-307
 80 5.786332821718535E-307
 81 0.
 82 2.9199675E-317
 83 2.920015E-317
 84 2.935E-321
 85 1.067366802823E-311
 86 2.990536E-317
 87 3.12E-321
 88 6.3E-322
 89 0.
 90 0.
 91 6.305227193152751E-307
 92 0.
 93 0.
 94 1.0114E-320
 95 1.920555898887317E+265
 96 6.310333364887088E-307
 97 3.8005587584495155E-270
 98 6.31033336967187E-307
 99 2.9905334E-317
 100 5.7851920321187236E-307
 101 0.

 1 1.
 2 3.231758486654731E+268
 3 5.7851920321187236E-307
 4 2.990536E-317
 5 5.562684646268003E-308
 6 5.277216796501027E-308
 7 5.785859069138498E-307
 8 1.2233210924594086E+257
 9 5.786332821718535E-307
 10 0.
 11 2.9199675E-317
 12 0.
 13 3.12E-321
 14 6.365987373E-314
 15 1.338979344099E-311
 16 0.
 17 1.067488218554E-311
 18 6.305226994215634E-307
 19 0.
 20 0.
 21 5.82539112038277E-307
 22 0.
 23 5.785857494783628E-307
 24 1.338979344099E-311
 25 7.291122019556398E-304
 26 8.5389110628443E-311
 27 5.276384990856894E-308
 28 5.283092425686929E-308
 29 1.0195811361225382E-305
 30 3.464980446247387E+265
 31 9.869526803E-315
 32 3.450610606913752E+265
 33 0.
 34 5.278031642884758E-308
 35 5.278033587482878E-308
 36 9.72299075E-315
 37 9.867331887E-315
 38 5.1914415099E-313
 39 3.282400712049751E+265
 40 5.278152419248547E-308
 41 4.85689E-318
 42 5.278031642884758E-308
 43 9.72299761E-315
 44 3.286535048001191E+265
 45 9.874245779424607E-306
 46 2.127038405E-314
 47 1.9854569764650287E+265
 48 2.121995807E-314
 49 3.597959159540849E+265
 50 9.874245815820214E-306
 51 1.9845336293966508E+265
 52 5.27822035198074E-308
 53 1.986311024839968E+265
 54 2.1270383376E-314
 55 1.9854216122372036E+265
 56 5.28057804657627E-308
 57 2.6600669604713974E+265
 58 1.2227758088853503E+257
 59 1.9869998426688997E+265
 60 1.4463548792653494E-307
 61 1.3351156153959074E-306
 62 1.691217745965155E-306
 63 1.379619129184668E-306
 64 1.1126102664331988E-306
 65 1.1126156987424274E-306
 66 4.22795269464292E-307
 67 1.112615698918568E-306
 68 1.6911810777121092E-306
 69 8.901083130678478E-307
 70 7.85171469824E-313
 71 5.785192036903575E-307
 72 2.993026E-317
 73 0.
 74 1.2604654998334E-311
 75 7.85149769863E-313
 76 3.511097404406912E+265
 77 2.990536E-317
 78 3.2312798567754785E+268
 79 5.787515923085458E-307
 80 5.786332821718535E-307
 81 0.
 82 2.9199675E-317
 83 2.920015E-317
 84 2.935E-321
 85 1.067366802823E-311
 86 2.990536E-317
 87 3.12E-321
 88 6.3E-322
 89 0.
 90 0.
 91 6.305227193152751E-307
 92 0.
 93 0.
 94 1.0114E-320
 95 1.920555898887317E+265
 96 6.310333364887088E-307
 97 3.8005587584495155E-270
 98 6.31033336967187E-307
 99 2.9905334E-317
 100 5.7851920321187236E-307
 101 0.

 1 1.
 2 3.231758486654731E+268
 3 5.7851920321187236E-307
 4 2.990536E-317
 5 5.562684646268003E-308
 6 5.277216796501027E-308
 7 5.785859069138498E-307
 8 1.2233210924594086E+257
 9 5.786332821718535E-307
 10 0.
 11 2.9199675E-317
 12 0.
 13 3.12E-321
 14 6.365987373E-314
 15 1.338979344099E-311
 16 0.
 17 1.067488218554E-311
 18 6.305226994215634E-307
 19 0.
 20 0.
 21 5.82539112038277E-307
 22 0.
 23 5.785857494783628E-307
 24 1.338979344099E-311
 25 7.291122019556398E-304
 26 8.5389110628443E-311
 27 5.276384990856894E-308
 28 5.283092425686929E-308
 29 1.0195811361225382E-305
 30 3.464980446247387E+265
 31 9.869526803E-315
 32 3.450610606913752E+265
 33 0.
 34 5.278031642884758E-308
 35 5.278033587482878E-308
 36 9.72299075E-315
 37 9.867331887E-315
 38 5.1914415099E-313
 39 3.282400712049751E+265
 40 5.278152419248547E-308
 41 4.85689E-318
 42 5.278031642884758E-308
 43 9.72299761E-315
 44 3.286535048001191E+265
 45 9.874245779424607E-306
 46 2.127038405E-314
 47 1.9854569764650287E+265
 48 2.121995807E-314
 49 3.597959159540849E+265
 50 9.874245815820214E-306
 51 1.9845336293966508E+265
 52 5.27822035198074E-308
 53 1.986311024839968E+265
 54 2.1270383376E-314
 55 1.9854216122372036E+265
 56 5.28057804657627E-308
 57 2.6600669604713974E+265
 58 1.2227758088853503E+257
 59 1.9869998426688997E+265
 60 1.4463548792653494E-307
 61 1.3351156153959074E-306
 62 1.691217745965155E-306
 63 1.379619129184668E-306
 64 1.1126102664331988E-306
 65 1.1126156987424274E-306
 66 4.22795269464292E-307
 67 1.112615698918568E-306
 68 1.6911810777121092E-306
 69 8.901083130678478E-307
 70 7.85171469824E-313
 71 5.785192036903575E-307
 72 2.993026E-317
 73 0.
 74 1.2604654998334E-311
 75 7.85149769863E-313
 76 3.511097404406912E+265
 77 2.990536E-317
 78 3.2312798567754785E+268
 79 5.787515923085458E-307
 80 5.786332821718535E-307
 81 0.
 82 2.9199675E-317
 83 2.920015E-317
 84 2.935E-321
 85 1.067366802823E-311
 86 2.990536E-317
 87 3.12E-321
 88 6.3E-322
 89 0.
 90 0.
 91 6.305227193152751E-307
 92 0.
 93 0.
 94 1.0114E-320
 95 1.920555898887317E+265
 96 6.310333364887088E-307
 97 3.8005587584495155E-270
 98 6.31033336967187E-307
 99 2.9905334E-317
 100 5.7851920321187236E-307
 101 0.

 1 1.
 2 3.231758486654731E+268
 3 5.7851920321187236E-307
 4 2.990536E-317
 5 5.562684646268003E-308
 6 5.277216796501027E-308
 7 5.785859069138498E-307
 8 1.2233210924594086E+257
 9 5.786332821718535E-307
 10 0.
 11 2.9199675E-317
 12 0.
 13 3.12E-321
 14 6.365987373E-314
 15 1.338979344099E-311
 16 0.
 17 1.067488218554E-311
 18 6.305226994215634E-307
 19 0.
 20 0.
 21 5.82539112038277E-307
 22 0.
 23 5.785857494783628E-307
 24 1.338979344099E-311
 25 7.291122019556398E-304
 26 8.5389110628443E-311
 27 5.276384990856894E-308
 28 5.283092425686929E-308
 29 1.0195811361225382E-305
 30 3.464980446247387E+265
 31 9.869526803E-315
 32 3.450610606913752E+265
 33 0.
 34 5.278031642884758E-308
 35 5.278033587482878E-308
 36 9.72299075E-315
 37 9.867331887E-315
 38 5.1914415099E-313
 39 3.282400712049751E+265
 40 5.278152419248547E-308
 41 4.85689E-318
 42 5.278031642884758E-308
 43 9.72299761E-315
 44 3.286535048001191E+265
 45 9.874245779424607E-306
 46 2.127038405E-314
 47 1.9854569764650287E+265
 48 2.121995807E-314
 49 3.597959159540849E+265
 50 9.874245815820214E-306
 51 1.9845336293966508E+265
 52 5.27822035198074E-308
 53 1.986311024839968E+265
 54 2.1270383376E-314
 55 1.9854216122372036E+265
 56 5.28057804657627E-308
 57 2.6600669604713974E+265
 58 1.2227758088853503E+257
 59 1.9869998426688997E+265
 60 1.4463548792653494E-307
 61 1.3351156153959074E-306
 62 1.691217745965155E-306
 63 1.379619129184668E-306
 64 1.1126102664331988E-306
 65 1.1126156987424274E-306
 66 4.22795269464292E-307
 67 1.112615698918568E-306
 68 1.6911810777121092E-306
 69 8.901083130678478E-307
 70 7.85171469824E-313
 71 5.785192036903575E-307
 72 2.993026E-317
 73 0.
 74 1.2604654998334E-311
 75 7.85149769863E-313
 76 3.511097404406912E+265
 77 2.990536E-317
 78 3.2312798567754785E+268
 79 5.787515923085458E-307
 80 5.786332821718535E-307
 81 0.
 82 2.9199675E-317
 83 2.920015E-317
 84 2.935E-321
 85 1.067366802823E-311
 86 2.990536E-317
 87 3.12E-321
 88 6.3E-322
 89 0.
 90 0.
 91 6.305227193152751E-307
 92 0.
 93 0.
 94 1.0114E-320
 95 1.920555898887317E+265
 96 6.310333364887088E-307
 97 3.8005587584495155E-270
 98 6.31033336967187E-307
 99 2.9905334E-317
 100 5.7851920321187236E-307
 101 0.

 1 1.
 2 3.231758486654731E+268
 3 5.7851920321187236E-307
 4 2.990536E-317
 5 5.562684646268003E-308
 6 5.277216796501027E-308
 7 5.785859069138498E-307
 8 1.2233210924594086E+257
 9 5.786332821718535E-307
 10 0.
 11 2.9199675E-317
 12 0.
 13 3.12E-321
 14 6.365987373E-314
 15 1.338979344099E-311
 16 0.
 17 1.067488218554E-311
 18 6.305226994215634E-307
 19 0.
 20 0.
 21 5.82539112038277E-307
 22 0.
 23 5.785857494783628E-307
 24 1.338979344099E-311
 25 7.291122019556398E-304
 26 8.5389110628443E-311
 27 5.276384990856894E-308
 28 5.283092425686929E-308
 29 1.0195811361225382E-305
 30 3.464980446247387E+265
 31 9.869526803E-315
 32 3.450610606913752E+265
 33 0.
 34 5.278031642884758E-308
 35 5.278033587482878E-308
 36 9.72299075E-315
 37 9.867331887E-315
 38 5.1914415099E-313
 39 3.282400712049751E+265
 40 5.278152419248547E-308
 41 4.85689E-318
 42 5.278031642884758E-308
 43 9.72299761E-315
 44 3.286535048001191E+265
 45 9.874245779424607E-306
 46 2.127038405E-314
 47 1.9854569764650287E+265
 48 2.121995807E-314
 49 3.597959159540849E+265
 50 9.874245815820214E-306
 51 1.9845336293966508E+265
 52 5.27822035198074E-308
 53 1.986311024839968E+265
 54 2.1270383376E-314
 55 1.9854216122372036E+265
 56 5.28057804657627E-308
 57 2.6600669604713974E+265
 58 1.2227758088853503E+257
 59 1.9869998426688997E+265
 60 1.4463548792653494E-307
 61 1.3351156153959074E-306
 62 1.691217745965155E-306
 63 1.379619129184668E-306
 64 1.1126102664331988E-306
 65 1.1126156987424274E-306
 66 4.22795269464292E-307
 67 1.112615698918568E-306
 68 1.6911810777121092E-306
 69 8.901083130678478E-307
 70 7.85171469824E-313
 71 5.785192036903575E-307
 72 2.993026E-317
 73 0.
 74 1.2604654998334E-311
 75 7.85149769863E-313
 76 3.511097404406912E+265
 77 2.990536E-317
 78 3.2312798567754785E+268
 79 5.787515923085458E-307
 80 5.786332821718535E-307
 81 0.
 82 2.9199675E-317
 83 2.920015E-317
 84 2.935E-321
 85 1.067366802823E-311
 86 2.990536E-317
 87 3.12E-321
 88 6.3E-322
 89 0.
 90 0.
 91 6.305227193152751E-307
 92 0.
 93 0.
 94 1.0114E-320
 95 1.920555898887317E+265
 96 6.310333364887088E-307
 97 3.8005587584495155E-270
 98 6.31033336967187E-307
 99 2.9905334E-317
 100 5.7851920321187236E-307
 101 0.

 1 1.
 2 3.231758486654731E+268
 3 5.7851920321187236E-307
 4 2.990536E-317
 5 5.562684646268003E-308
 6 5.277216796501027E-308
 7 5.785859069138498E-307
 8 1.2233210924594086E+257
 9 5.786332821718535E-307
 10 0.
 11 2.9199675E-317
 12 0.
 13 3.12E-321
 14 6.365987373E-314
 15 1.338979344099E-311
 16 0.
 17 1.067488218554E-311
 18 6.305226994215634E-307
 19 0.
 20 0.
 21 5.82539112038277E-307
 22 0.
 23 5.785857494783628E-307
 24 1.338979344099E-311
 25 7.291122019556398E-304
 26 8.5389110628443E-311
 27 5.276384990856894E-308
 28 5.283092425686929E-308
 29 1.0195811361225382E-305
 30 3.464980446247387E+265
 31 9.869526803E-315
 32 3.450610606913752E+265
 33 0.
 34 5.278031642884758E-308
 35 5.278033587482878E-308
 36 9.72299075E-315
 37 9.867331887E-315
 38 5.1914415099E-313
 39 3.282400712049751E+265
 40 5.278152419248547E-308
 41 4.85689E-318
 42 5.278031642884758E-308
 43 9.72299761E-315
 44 3.286535048001191E+265
 45 9.874245779424607E-306
 46 2.127038405E-314
 47 1.9854569764650287E+265
 48 2.121995807E-314
 49 3.597959159540849E+265
 50 9.874245815820214E-306
 51 1.9845336293966508E+265
 52 5.27822035198074E-308
 53 1.986311024839968E+265
 54 2.1270383376E-314
 55 1.9854216122372036E+265
 56 5.28057804657627E-308
 57 2.6600669604713974E+265
 58 1.2227758088853503E+257
 59 1.9869998426688997E+265
 60 1.4463548792653494E-307
 61 1.3351156153959074E-306
 62 1.691217745965155E-306
 63 1.379619129184668E-306
 64 1.1126102664331988E-306
 65 1.1126156987424274E-306
 66 4.22795269464292E-307
 67 1.112615698918568E-306
 68 1.6911810777121092E-306
 69 8.901083130678478E-307
 70 7.85171469824E-313
 71 5.785192036903575E-307
 72 2.993026E-317
 73 0.
 74 1.2604654998334E-311
 75 7.85149769863E-313
 76 3.511097404406912E+265
 77 2.990536E-317
 78 3.2312798567754785E+268
 79 5.787515923085458E-307
 80 5.786332821718535E-307
 81 0.
 82 2.9199675E-317
 83 2.920015E-317
 84 2.935E-321
 85 1.067366802823E-311
 86 2.990536E-317
 87 3.12E-321
 88 6.3E-322
 89 0.
 90 0.
 91 6.305227193152751E-307
 92 0.
 93 0.
 94 1.0114E-320
 95 1.920555898887317E+265
 96 6.310333364887088E-307
 97 3.8005587584495155E-270
 98 6.31033336967187E-307
 99 2.9905334E-317
 100 5.7851920321187236E-307
 101 0.

 1 1.
 2 3.231758486654731E+268
 3 5.7851920321187236E-307
 4 2.990536E-317
 5 5.562684646268003E-308
 6 5.277216796501027E-308
 7 5.785859069138498E-307
 8 1.2233210924594086E+257
 9 5.786332821718535E-307
 10 0.
 11 2.9199675E-317
 12 0.
 13 3.12E-321
 14 6.365987373E-314
 15 1.338979344099E-311
 16 0.
 17 1.067488218554E-311
 18 6.305226994215634E-307
 19 0.
 20 0.
 21 5.82539112038277E-307
 22 0.
 23 5.785857494783628E-307
 24 1.338979344099E-311
 25 7.291122019556398E-304
 26 8.5389110628443E-311
 27 5.276384990856894E-308
 28 5.283092425686929E-308
 29 1.0195811361225382E-305
 30 3.464980446247387E+265
 31 9.869526803E-315
 32 3.450610606913752E+265
 33 0.
 34 5.278031642884758E-308
 35 5.278033587482878E-308
 36 9.72299075E-315
 37 9.867331887E-315
 38 5.1914415099E-313
 39 3.282400712049751E+265
 40 5.278152419248547E-308
 41 4.85689E-318
 42 5.278031642884758E-308
 43 9.72299761E-315
 44 3.286535048001191E+265
 45 9.874245779424607E-306
 46 2.127038405E-314
 47 1.9854569764650287E+265
 48 2.121995807E-314
 49 3.597959159540849E+265
 50 9.874245815820214E-306
 51 1.9845336293966508E+265
 52 5.27822035198074E-308
 53 1.986311024839968E+265
 54 2.1270383376E-314
 55 1.9854216122372036E+265
 56 5.28057804657627E-308
 57 2.6600669604713974E+265
 58 1.2227758088853503E+257
 59 1.9869998426688997E+265
 60 1.4463548792653494E-307
 61 1.3351156153959074E-306
 62 1.691217745965155E-306
 63 1.379619129184668E-306
 64 1.1126102664331988E-306
 65 1.1126156987424274E-306
 66 4.22795269464292E-307
 67 1.112615698918568E-306
 68 1.6911810777121092E-306
 69 8.901083130678478E-307
 70 7.85171469824E-313
 71 5.785192036903575E-307
 72 2.993026E-317
 73 0.
 74 1.2604654998334E-311
 75 7.85149769863E-313
 76 3.511097404406912E+265
 77 2.990536E-317
 78 3.2312798567754785E+268
 79 5.787515923085458E-307
 80 5.786332821718535E-307
 81 0.
 82 2.9199675E-317
 83 2.920015E-317
 84 2.935E-321
 85 1.067366802823E-311
 86 2.990536E-317
 87 3.12E-321
 88 6.3E-322
 89 0.
 90 0.
 91 6.305227193152751E-307
 92 0.
 93 0.
 94 1.0114E-320
 95 1.920555898887317E+265
 96 6.310333364887088E-307
 97 3.8005587584495155E-270
 98 6.31033336967187E-307
 99 2.9905334E-317
 100 5.7851920321187236E-307
 101 0.

 1 1.
 2 3.231758486654731E+268
 3 5.7851920321187236E-307
 4 2.990536E-317
 5 5.562684646268003E-308
 6 5.277216796501027E-308
 7 5.785859069138498E-307
 8 1.2233210924594086E+257
 9 5.786332821718535E-307
 10 0.
 11 2.9199675E-317
 12 0.
 13 3.12E-321
 14 6.365987373E-314
 15 1.338979344099E-311
 16 0.
 17 1.067488218554E-311
 18 6.305226994215634E-307
 19 0.
 20 0.
 21 5.82539112038277E-307
 22 0.
 23 5.785857494783628E-307
 24 1.338979344099E-311
 25 7.291122019556398E-304
 26 8.5389110628443E-311
 27 5.276384990856894E-308
 28 5.283092425686929E-308
 29 1.0195811361225382E-305
 30 3.464980446247387E+265
 31 9.869526803E-315
 32 3.450610606913752E+265
 33 0.
 34 5.278031642884758E-308
 35 5.278033587482878E-308
 36 9.72299075E-315
 37 9.867331887E-315
 38 5.1914415099E-313
 39 3.282400712049751E+265
 40 5.278152419248547E-308
 41 4.85689E-318
 42 5.278031642884758E-308
 43 9.72299761E-315
 44 3.286535048001191E+265
 45 9.874245779424607E-306
 46 2.127038405E-314
 47 1.9854569764650287E+265
 48 2.121995807E-314
 49 3.597959159540849E+265
 50 9.874245815820214E-306
 51 1.9845336293966508E+265
 52 5.27822035198074E-308
 53 1.986311024839968E+265
 54 2.1270383376E-314
 55 1.9854216122372036E+265
 56 5.28057804657627E-308
 57 2.6600669604713974E+265
 58 1.2227758088853503E+257
 59 1.9869998426688997E+265
 60 1.4463548792653494E-307
 61 1.3351156153959074E-306
 62 1.691217745965155E-306
 63 1.379619129184668E-306
 64 1.1126102664331988E-306
 65 1.1126156987424274E-306
 66 4.22795269464292E-307
 67 1.112615698918568E-306
 68 1.6911810777121092E-306
 69 8.901083130678478E-307
 70 7.85171469824E-313
 71 5.785192036903575E-307
 72 2.993026E-317
 73 0.
 74 1.2604654998334E-311
 75 7.85149769863E-313
 76 3.511097404406912E+265
 77 2.990536E-317
 78 3.2312798567754785E+268
 79 5.787515923085458E-307
 80 5.786332821718535E-307
 81 0.
 82 2.9199675E-317
 83 2.920015E-317
 84 2.935E-321
 85 1.067366802823E-311
 86 2.990536E-317
 87 3.12E-321
 88 6.3E-322
 89 0.
 90 0.
 91 6.305227193152751E-307
 92 0.
 93 0.
 94 1.0114E-320
 95 1.920555898887317E+265
 96 6.310333364887088E-307
 97 3.8005587584495155E-270
 98 6.31033336967187E-307
 99 2.9905334E-317
 100 5.7851920321187236E-307
 101 0.

 1 1.
 2 3.231758486654731E+268
 3 5.7851920321187236E-307
 4 2.990536E-317
 5 5.562684646268003E-308
 6 5.277216796501027E-308
 7 5.785859069138498E-307
 8 1.2233210924594086E+257
 9 5.786332821718535E-307
 10 0.
 11 2.9199675E-317
 12 0.
 13 3.12E-321
 14 6.365987373E-314
 15 1.338979344099E-311
 16 0.
 17 1.067488218554E-311
 18 6.305226994215634E-307
 19 0.
 20 0.
 21 5.82539112038277E-307
 22 0.
 23 5.785857494783628E-307
 24 1.338979344099E-311
 25 7.291122019556398E-304
 26 8.5389110628443E-311
 27 5.276384990856894E-308
 28 5.283092425686929E-308
 29 1.0195811361225382E-305
 30 3.464980446247387E+265
 31 9.869526803E-315
 32 3.450610606913752E+265
 33 0.
 34 5.278031642884758E-308
 35 5.278033587482878E-308
 36 9.72299075E-315
 37 9.867331887E-315
 38 5.1914415099E-313
 39 3.282400712049751E+265
 40 5.278152419248547E-308
 41 4.85689E-318
 42 5.278031642884758E-308
 43 9.72299761E-315
 44 3.286535048001191E+265
 45 9.874245779424607E-306
 46 2.127038405E-314
 47 1.9854569764650287E+265
 48 2.121995807E-314
 49 3.597959159540849E+265
 50 9.874245815820214E-306
 51 1.9845336293966508E+265
 52 5.27822035198074E-308
 53 1.986311024839968E+265
 54 2.1270383376E-314
 55 1.9854216122372036E+265
 56 5.28057804657627E-308
 57 2.6600669604713974E+265
 58 1.2227758088853503E+257
 59 1.9869998426688997E+265
 60 1.4463548792653494E-307
 61 1.3351156153959074E-306
 62 1.691217745965155E-306
 63 1.379619129184668E-306
 64 1.1126102664331988E-306
 65 1.1126156987424274E-306
 66 4.22795269464292E-307
 67 1.112615698918568E-306
 68 1.6911810777121092E-306
 69 8.901083130678478E-307
 70 7.85171469824E-313
 71 5.785192036903575E-307
 72 2.993026E-317
 73 0.
 74 1.2604654998334E-311
 75 7.85149769863E-313
 76 3.511097404406912E+265
 77 2.990536E-317
 78 3.2312798567754785E+268
 79 5.787515923085458E-307
 80 5.786332821718535E-307
 81 0.
 82 2.9199675E-317
 83 2.920015E-317
 84 2.935E-321
 85 1.067366802823E-311
 86 2.990536E-317
 87 3.12E-321
 88 6.3E-322
 89 0.
 90 0.
 91 6.305227193152751E-307
 92 0.
 93 0.
 94 1.0114E-320
 95 1.920555898887317E+265
 96 6.310333364887088E-307
 97 3.8005587584495155E-270
 98 6.31033336967187E-307
 99 2.9905334E-317
 100 5.7851920321187236E-307
 101 0.

 1 1.
 2 3.231758486654731E+268
 3 5.7851920321187236E-307
 4 2.990536E-317
 5 5.562684646268003E-308
 6 5.277216796501027E-308
 7 5.785859069138498E-307
 8 1.2233210924594086E+257
 9 5.786332821718535E-307
 10 0.
 11 2.9199675E-317
 12 0.
 13 3.12E-321
 14 6.365987373E-314
 15 1.338979344099E-311
 16 0.
 17 1.067488218554E-311
 18 6.305226994215634E-307
 19 0.
 20 0.
 21 5.82539112038277E-307
 22 0.
 23 5.785857494783628E-307
 24 1.338979344099E-311
 25 7.291122019556398E-304
 26 8.5389110628443E-311
 27 5.276384990856894E-308
 28 5.283092425686929E-308
 29 1.0195811361225382E-305
 30 3.464980446247387E+265
 31 9.869526803E-315
 32 3.450610606913752E+265
 33 0.
 34 5.278031642884758E-308
 35 5.278033587482878E-308
 36 9.72299075E-315
 37 9.867331887E-315
 38 5.1914415099E-313
 39 3.282400712049751E+265
 40 5.278152419248547E-308
 41 4.85689E-318
 42 5.278031642884758E-308
 43 9.72299761E-315
 44 3.286535048001191E+265
 45 9.874245779424607E-306
 46 2.127038405E-314
 47 1.9854569764650287E+265
 48 2.121995807E-314
 49 3.597959159540849E+265
 50 9.874245815820214E-306
 51 1.9845336293966508E+265
 52 5.27822035198074E-308
 53 1.986311024839968E+265
 54 2.1270383376E-314
 55 1.9854216122372036E+265
 56 5.28057804657627E-308
 57 2.6600669604713974E+265
 58 1.2227758088853503E+257
 59 1.9869998426688997E+265
 60 1.4463548792653494E-307
 61 1.3351156153959074E-306
 62 1.691217745965155E-306
 63 1.379619129184668E-306
 64 1.1126102664331988E-306
 65 1.1126156987424274E-306
 66 4.22795269464292E-307
 67 1.112615698918568E-306
 68 1.6911810777121092E-306
 69 8.901083130678478E-307
 70 7.85171469824E-313
 71 5.785192036903575E-307
 72 2.993026E-317
 73 0.
 74 1.2604654998334E-311
 75 7.85149769863E-313
 76 3.511097404406912E+265
 77 2.990536E-317
 78 3.2312798567754785E+268
 79 5.787515923085458E-307
 80 5.786332821718535E-307
 81 0.
 82 2.9199675E-317
 83 2.920015E-317
 84 2.935E-321
 85 1.067366802823E-311
 86 2.990536E-317
 87 3.12E-321
 88 6.3E-322
 89 0.
 90 0.
 91 6.305227193152751E-307
 92 0.
 93 0.
 94 1.0114E-320
 95 1.920555898887317E+265
 96 6.310333364887088E-307
 97 3.8005587584495155E-270
 98 6.31033336967187E-307
 99 2.9905334E-317
 100 5.7851920321187236E-307
 101 0.

 1 1.
 2 3.231758486654731E+268
 3 5.7851920321187236E-307
 4 2.990536E-317
 5 5.562684646268003E-308
 6 5.277216796501027E-308
 7 5.785859069138498E-307
 8 1.2233210924594086E+257
 9 5.786332821718535E-307
 10 0.
 11 2.9199675E-317
 12 0.
 13 3.12E-321
 14 6.365987373E-314
 15 1.338979344099E-311
 16 0.
 17 1.067488218554E-311
 18 6.305226994215634E-307
 19 0.
 20 0.
 21 5.82539112038277E-307
 22 0.
 23 5.785857494783628E-307
 24 1.338979344099E-311
 25 7.291122019556398E-304
 26 8.5389110628443E-311
 27 5.276384990856894E-308
 28 5.283092425686929E-308
 29 1.0195811361225382E-305
 30 3.464980446247387E+265
 31 9.869526803E-315
 32 3.450610606913752E+265
 33 0.
 34 5.278031642884758E-308
 35 5.278033587482878E-308
 36 9.72299075E-315
 37 9.867331887E-315
 38 5.1914415099E-313
 39 3.282400712049751E+265
 40 5.278152419248547E-308
 41 4.85689E-318
 42 5.278031642884758E-308
 43 9.72299761E-315
 44 3.286535048001191E+265
 45 9.874245779424607E-306
 46 2.127038405E-314
 47 1.9854569764650287E+265
 48 2.121995807E-314
 49 3.597959159540849E+265
 50 9.874245815820214E-306
 51 1.9845336293966508E+265
 52 5.27822035198074E-308
 53 1.986311024839968E+265
 54 2.1270383376E-314
 55 1.9854216122372036E+265
 56 5.28057804657627E-308
 57 2.6600669604713974E+265
 58 1.2227758088853503E+257
 59 1.9869998426688997E+265
 60 1.4463548792653494E-307
 61 1.3351156153959074E-306
 62 1.691217745965155E-306
 63 1.379619129184668E-306
 64 1.1126102664331988E-306
 65 1.1126156987424274E-306
 66 4.22795269464292E-307
 67 1.112615698918568E-306
 68 1.6911810777121092E-306
 69 8.901083130678478E-307
 70 7.85171469824E-313
 71 5.785192036903575E-307
 72 2.993026E-317
 73 0.
 74 1.2604654998334E-311
 75 7.85149769863E-313
 76 3.511097404406912E+265
 77 2.990536E-317
 78 3.2312798567754785E+268
 79 5.787515923085458E-307
 80 5.786332821718535E-307
 81 0.
 82 2.9199675E-317
 83 2.920015E-317
 84 2.935E-321
 85 1.067366802823E-311
 86 2.990536E-317
 87 3.12E-321
 88 6.3E-322
 89 0.
 90 0.
 91 6.305227193152751E-307
 92 0.
 93 0.
 94 1.0114E-320
 95 1.920555898887317E+265
 96 6.310333364887088E-307
 97 3.8005587584495155E-270
 98 6.31033336967187E-307
 99 2.9905334E-317
 100 5.7851920321187236E-307
 101 0.

 1 1.
 2 3.231758486654731E+268
 3 5.7851920321187236E-307
 4 2.990536E-317
 5 5.562684646268003E-308
 6 5.277216796501027E-308
 7 5.785859069138498E-307
 8 1.2233210924594086E+257
 9 5.786332821718535E-307
 10 0.
 11 2.9199675E-317
 12 0.
 13 3.12E-321
 14 6.365987373E-314
 15 1.338979344099E-311
 16 0.
 17 1.067488218554E-311
 18 6.305226994215634E-307
 19 0.
 20 0.
 21 5.82539112038277E-307
 22 0.
 23 5.785857494783628E-307
 24 1.338979344099E-311
 25 7.291122019556398E-304
 26 8.5389110628443E-311
 27 5.276384990856894E-308
 28 5.283092425686929E-308
 29 1.0195811361225382E-305
 30 3.464980446247387E+265
 31 9.869526803E-315
 32 3.450610606913752E+265
 33 0.
 34 5.278031642884758E-308
 35 5.278033587482878E-308
 36 9.72299075E-315
 37 9.867331887E-315
 38 5.1914415099E-313
 39 3.282400712049751E+265
 40 5.278152419248547E-308
 41 4.85689E-318
 42 5.278031642884758E-308
 43 9.72299761E-315
 44 3.286535048001191E+265
 45 9.874245779424607E-306
 46 2.127038405E-314
 47 1.9854569764650287E+265
 48 2.121995807E-314
 49 3.597959159540849E+265
 50 9.874245815820214E-306
 51 1.9845336293966508E+265
 52 5.27822035198074E-308
 53 1.986311024839968E+265
 54 2.1270383376E-314
 55 1.9854216122372036E+265
 56 5.28057804657627E-308
 57 2.6600669604713974E+265
 58 1.2227758088853503E+257
 59 1.9869998426688997E+265
 60 1.4463548792653494E-307
 61 1.3351156153959074E-306
 62 1.691217745965155E-306
 63 1.379619129184668E-306
 64 1.1126102664331988E-306
 65 1.1126156987424274E-306
 66 4.22795269464292E-307
 67 1.112615698918568E-306
 68 1.6911810777121092E-306
 69 8.901083130678478E-307
 70 7.85171469824E-313
 71 5.785192036903575E-307
 72 2.993026E-317
 73 0.
 74 1.2604654998334E-311
 75 7.85149769863E-313
 76 3.511097404406912E+265
 77 2.990536E-317
 78 3.2312798567754785E+268
 79 5.787515923085458E-307
 80 5.786332821718535E-307
 81 0.
 82 2.9199675E-317
 83 2.920015E-317
 84 2.935E-321
 85 1.067366802823E-311
 86 2.990536E-317
 87 3.12E-321
 88 6.3E-322
 89 0.
 90 0.
 91 6.305227193152751E-307
 92 0.
 93 0.
 94 1.0114E-320
 95 1.920555898887317E+265
 96 6.310333364887088E-307
 97 3.8005587584495155E-270
 98 6.31033336967187E-307
 99 2.9905334E-317
 100 5.7851920321187236E-307
 101 0.

